35.1053,0.130952,4791600,3700.64,1.773197e+04,1.928614,105415200,105415200,528,3.981814,26465047,0,0,528,26353800,38647,72600,L5[WIO] Q55 - L4[IO] P55 C3 M2X - L3[] Q1 S11Y - L2[I] Q1 - L1[W] R11 - L0[O] M48 ,None
3.388163,0.392857,1597200,357.163832,5.704621e+02,1.928614,105415200,105415200,264,178.485181,590407,0,0,264,479160,38647,72600,L5[WIO] Q55 - L4[IO] M2 P55 M6X - L3[] Q1 S11Y - L2[I] Q1 - L1[W] R11 C3 - L0[O] M8 ,None
3.528439,0.392857,1597200,371.951076,5.940803e+02,1.928614,105415200,105415200,264,160.942297,654762,0,0,264,479160,103002,72600,L5[WIO] Q55 C3 - L4[IO] M2 P55 M6X - L3[] Q1 S11Y - L2[I] Q1 - L1[W] R11 - L0[O] M8 ,None
35.155725,0.392857,1597200,3705.947744,5.919140e+03,1.928614,105415200,105415200,264,3.981814,26465047,0,0,264,26353800,38647,72600,L5[WIO] Q55 - L4[IO] M2 P55 C3 M6X - L3[] Q1 S11Y - L2[I] Q1 - L1[W] R11 - L0[O] M8 ,None
3.510920,0.523810,1197900,370.104313,4.433480e+02,1.928614,105415200,105415200,528,160.942297,654762,0,0,528,479160,103002,72600,L5[WIO] Q55 C3 - L4[IO] P55 M8X - L3[] Q1 S11Y - L2[I] Q1 - L1[W] R11 - L0[O] M12 ,None
35.105955,0.196429,3194400,3700.701309,1.182152e+04,1.928614,105415200,105415200,528,3.981814,26465047,0,0,528,26353800,38647,72600,L5[WIO] Q55 - L4[IO] P55 C3 M3X - L3[] Q1 S11Y - L2[I] Q1 - L1[W] R11 - L0[O] M32 ,None
35.107802,0.392857,1597200,3700.895938,5.911071e+03,1.928614,105415200,105415200,528,3.981814,26465047,0,0,528,26353800,38647,72600,L5[WIO] Q55 - L4[IO] P55 C3 M6X - L3[] Q1 S11Y - L2[I] Q1 - L1[W] R11 - L0[O] M16 ,None
3.510458,0.392857,1597200,370.055629,5.910529e+02,1.928614,105415200,105415200,528,160.942297,654762,0,0,528,479160,103002,72600,L5[WIO] Q55 C3 - L4[IO] P55 M6X - L3[] Q1 S11Y - L2[I] Q1 - L1[W] R11 - L0[O] M16 ,None
3.389086,0.523810,1197900,357.261199,4.279632e+02,1.928614,105415200,105415200,352,178.485181,590407,0,0,352,479160,38647,72600,L5[WIO] Q55 - L4[IO] M2 P55 M8X - L3[] Q1 S11Y - L2[I] Q1 - L1[W] R11 C3 - L0[O] M6 ,None
2.793679,0.392857,1597200,294.496180,4.703693e+02,1.928614,105415200,105415200,528,878.457640,119959,0,0,528,8712,38647,72600,L5[WIO] Q55 - L4[IO] P55 M6X - L3[] Q1 S11Y - L2[I] Q1 - L1[W] R11 C3 - L0[O] M16 ,None
35.106571,0.261905,2395800,3700.766185,8.866296e+03,1.928614,105415200,105415200,528,3.981814,26465047,0,0,528,26353800,38647,72600,L5[WIO] Q55 - L4[IO] P55 C3 M4X - L3[] Q1 S11Y - L2[I] Q1 - L1[W] R11 - L0[O] M24 ,None
3.509534,0.130952,4791600,369.958261,1.772692e+03,1.928614,105415200,105415200,528,160.942297,654762,0,0,528,479160,103002,72600,L5[WIO] Q55 C3 - L4[IO] P55 M2X - L3[] Q1 S11Y - L2[I] Q1 - L1[W] R11 - L0[O] M48 ,None
37.212472,0.065476,9583200,3922.760151,3.759260e+04,1.928614,105415200,105415200,22,3.981814,26465047,0,0,22,26353800,38647,72600,L5[WIO] Q55 - L4[IO] M48 P55 C3 - L3[] Q1 S11Y - L2[I] Q1 - L1[W] R11 - L0[O] M2 ,None
2.793217,0.261905,2395800,294.447496,7.054373e+02,1.928614,105415200,105415200,528,878.457640,119959,0,0,528,8712,38647,72600,L5[WIO] Q55 - L4[IO] P55 M4X - L3[] Q1 S11Y - L2[I] Q1 - L1[W] R11 C3 - L0[O] M24 ,None
35.150801,0.130952,4791600,3705.428744,1.775493e+04,1.928614,105415200,105415200,264,3.981814,26465047,0,0,264,26353800,38647,72600,L5[WIO] Q55 - L4[IO] M2 P55 C3 M2X - L3[] Q1 S11Y - L2[I] Q1 - L1[W] R11 - L0[O] M24 ,None
4.159868,0.065476,9583200,438.513266,4.202360e+03,1.928614,105415200,105415200,22,178.485181,590407,0,0,22,479160,38647,72600,L5[WIO] Q55 - L4[IO] M48 P55 - L3[] Q1 S11Y - L2[I] Q1 - L1[W] R11 C3 - L0[O] M2 ,None
35.109033,0.523810,1197900,3701.025690,4.433459e+03,1.928614,105415200,105415200,528,3.981814,26465047,0,0,528,26353800,38647,72600,L5[WIO] Q55 - L4[IO] P55 C3 M8X - L3[] Q1 S11Y - L2[I] Q1 - L1[W] R11 - L0[O] M12 ,None
3.509996,0.261905,2395800,370.006945,8.864626e+02,1.928614,105415200,105415200,528,160.942297,654762,0,0,528,479160,103002,72600,L5[WIO] Q55 C3 - L4[IO] P55 M4X - L3[] Q1 S11Y - L2[I] Q1 - L1[W] R11 - L0[O] M24 ,None
3.387239,0.261905,2395800,357.066464,8.554598e+02,1.928614,105415200,105415200,264,178.485181,590407,0,0,264,479160,38647,72600,L5[WIO] Q55 - L4[IO] M2 P55 M4X - L3[] Q1 S11Y - L2[I] Q1 - L1[W] R11 C3 - L0[O] M12 ,None
3.526591,0.130952,4791600,371.756341,1.781308e+03,1.928614,105415200,105415200,264,160.942297,654762,0,0,264,479160,103002,72600,L5[WIO] Q55 C3 - L4[IO] M2 P55 M2X - L3[] Q1 S11Y - L2[I] Q1 - L1[W] R11 - L0[O] M24 ,None
35.149570,0.065476,9583200,3705.298994,3.550862e+04,1.928614,105415200,105415200,264,3.981814,26465047,0,0,264,26353800,38647,72600,L5[WIO] Q55 - L4[IO] M2 P55 C3 - L3[] Q1 S11Y - L2[I] Q1 - L1[W] R11 - L0[O] M48 ,None
3.526130,0.065476,9583200,371.707657,3.562149e+03,1.928614,105415200,105415200,264,160.942297,654762,0,0,264,479160,103002,72600,L5[WIO] Q55 C3 - L4[IO] M2 P55 - L3[] Q1 S11Y - L2[I] Q1 - L1[W] R11 - L0[O] M48 ,None
3.420430,0.130952,4791600,360.565318,1.727685e+03,1.928614,105415200,105415200,132,178.485181,590407,0,0,132,479160,38647,72600,L5[WIO] Q55 - L4[IO] M4 P55 M2X - L3[] Q1 S11Y - L2[I] Q1 - L1[W] R11 C3 - L0[O] M12 ,None
2.794140,0.523810,1197900,294.544864,3.528353e+02,1.928614,105415200,105415200,528,878.457640,119959,0,0,528,8712,38647,72600,L5[WIO] Q55 - L4[IO] P55 M8X - L3[] Q1 S11Y - L2[I] Q1 - L1[W] R11 C3 - L0[O] M12 ,None
3.386315,0.130952,4791600,356.969096,1.710453e+03,1.928614,105415200,105415200,264,178.485181,590407,0,0,264,479160,38647,72600,L5[WIO] Q55 - L4[IO] M2 P55 M2X - L3[] Q1 S11Y - L2[I] Q1 - L1[W] R11 C3 - L0[O] M24 ,None
3.529362,0.523810,1197900,372.048444,4.456768e+02,1.928614,105415200,105415200,352,160.942297,654762,0,0,352,479160,103002,72600,L5[WIO] Q55 C3 - L4[IO] M2 P55 M8X - L3[] Q1 S11Y - L2[I] Q1 - L1[W] R11 - L0[O] M6 ,None
35.158186,0.523810,1197900,3706.207243,4.439666e+03,1.928614,105415200,105415200,352,3.981814,26465047,0,0,352,26353800,38647,72600,L5[WIO] Q55 - L4[IO] M2 P55 C3 M8X - L3[] Q1 S11Y - L2[I] Q1 - L1[W] R11 - L0[O] M6 ,None
3.511843,0.785714,798600,370.201680,2.956431e+02,1.928614,105415200,105415200,528,160.942297,654762,0,0,528,479160,103002,72600,L5[WIO] Q55 C3 - L4[IO] P55 M12X - L3[] Q1 S11Y - L2[I] Q1 - L1[W] R11 - L0[O] M8 ,None
36.494941,0.065476,9583200,3847.121472,3.686773e+04,1.928614,105415200,105415200,22,3.981814,26465047,0,0,22,26353800,38647,72600,L5[WIO] Q55 - L4[IO] M32 P55 C3 - L3[] Q1 S11Y - L2[I] Q1 - L1[W] R11 - L0[O] M3 ,None
36.534327,0.196429,3194400,3851.273426,1.230251e+04,1.928614,105415200,105415200,66,3.981814,26465047,0,0,66,26353800,38647,72600,L5[WIO] Q55 - L4[IO] M32 P55 C3 M3X - L3[] Q1 S11Y - L2[I] Q1 - L1[W] R11 - L0[O] Q1 ,None
3.905423,0.196429,3194400,411.690974,1.315106e+03,1.928614,105415200,105415200,66,178.485181,590407,0,0,66,479160,38647,72600,L5[WIO] Q55 - L4[IO] M32 P55 M3X - L3[] Q1 S11Y - L2[I] Q1 - L1[W] R11 C3 - L0[O] Q1 ,None
4.045699,0.196429,3194400,426.478219,1.362342e+03,1.928614,105415200,105415200,66,160.942297,654762,0,0,66,479160,103002,72600,L5[WIO] Q55 C3 - L4[IO] M32 P55 M3X - L3[] Q1 S11Y - L2[I] Q1 - L1[W] R11 - L0[O] Q1 ,None
35.153263,0.261905,2395800,3705.688244,8.878088e+03,1.928614,105415200,105415200,264,3.981814,26465047,0,0,264,26353800,38647,72600,L5[WIO] Q55 - L4[IO] M2 P55 C3 M4X - L3[] Q1 S11Y - L2[I] Q1 - L1[W] R11 - L0[O] M12 ,None
3.421354,0.196429,3194400,360.662683,1.152101e+03,1.928614,105415200,105415200,132,178.485181,590407,0,0,132,479160,38647,72600,L5[WIO] Q55 - L4[IO] M4 P55 M3X - L3[] Q1 S11Y - L2[I] Q1 - L1[W] R11 C3 - L0[O] M8 ,None
3.509765,0.196429,3194400,369.982603,1.181872e+03,1.928614,105415200,105415200,528,160.942297,654762,0,0,528,479160,103002,72600,L5[WIO] Q55 C3 - L4[IO] P55 M3X - L3[] Q1 S11Y - L2[I] Q1 - L1[W] R11 - L0[O] M32 ,None
3.560706,0.130952,4791600,375.352563,1.798539e+03,1.928614,105415200,105415200,132,160.942297,654762,0,0,132,479160,103002,72600,L5[WIO] Q55 C3 - L4[IO] M4 P55 M2X - L3[] Q1 S11Y - L2[I] Q1 - L1[W] R11 - L0[O] M12 ,None
35.241723,0.130952,4791600,3715.013300,1.780086e+04,1.928614,105415200,105415200,132,3.981814,26465047,0,0,132,26353800,38647,72600,L5[WIO] Q55 - L4[IO] M4 P55 C3 M2X - L3[] Q1 S11Y - L2[I] Q1 - L1[W] R11 - L0[O] M12 ,None
3.527053,0.196429,3194400,371.805025,1.187694e+03,1.928614,105415200,105415200,264,160.942297,654762,0,0,264,479160,103002,72600,L5[WIO] Q55 C3 - L4[IO] M2 P55 M3X - L3[] Q1 S11Y - L2[I] Q1 - L1[W] R11 - L0[O] M16 ,None
36.150945,0.130952,4791600,3810.859150,1.826011e+04,1.928614,105415200,105415200,44,3.981814,26465047,0,0,44,26353800,38647,72600,L5[WIO] Q55 - L4[IO] M24 P55 C3 M2X - L3[] Q1 S11Y - L2[I] Q1 - L1[W] R11 - L0[O] M2 ,None
3.890645,0.065476,9583200,410.133134,3.930388e+03,1.928614,105415200,105415200,22,178.485181,590407,0,0,22,479160,38647,72600,L5[WIO] Q55 - L4[IO] M32 P55 - L3[] Q1 S11Y - L2[I] Q1 - L1[W] R11 C3 - L0[O] M3 ,None
35.266340,0.785714,798600,3717.608270,2.968882e+03,1.928614,105415200,105415200,264,3.981814,26465047,0,0,264,26353800,38647,72600,L5[WIO] Q55 - L4[IO] M4 P55 C3 M12X - L3[] Q1 S11Y - L2[I] Q1 - L1[W] R11 - L0[O] M2 ,None
3.424125,0.392857,1597200,360.954778,5.765170e+02,1.928614,105415200,105415200,132,178.485181,590407,0,0,132,479160,38647,72600,L5[WIO] Q55 - L4[IO] M4 P55 M6X - L3[] Q1 S11Y - L2[I] Q1 - L1[W] R11 C3 - L0[O] M4 ,None
35.111494,0.785714,798600,3701.285195,2.955846e+03,1.928614,105415200,105415200,528,3.981814,26465047,0,0,528,26353800,38647,72600,L5[WIO] Q55 - L4[IO] P55 C3 M12X - L3[] Q1 S11Y - L2[I] Q1 - L1[W] R11 - L0[O] M8 ,None
3.569943,0.785714,798600,376.326213,3.005341e+02,1.928614,105415200,105415200,264,160.942297,654762,0,0,264,479160,103002,72600,L5[WIO] Q55 C3 - L4[IO] M4 P55 M12X - L3[] Q1 S11Y - L2[I] Q1 - L1[W] R11 - L0[O] M2 ,None
2.795064,0.785714,798600,294.642231,2.353013e+02,1.928614,105415200,105415200,528,878.457640,119959,0,0,528,8712,38647,72600,L5[WIO] Q55 - L4[IO] P55 M12X - L3[] Q1 S11Y - L2[I] Q1 - L1[W] R11 C3 - L0[O] M8 ,None
3.429666,0.785714,798600,361.538968,2.887250e+02,1.928614,105415200,105415200,264,178.485181,590407,0,0,264,479160,38647,72600,L5[WIO] Q55 - L4[IO] M4 P55 M12X - L3[] Q1 S11Y - L2[I] Q1 - L1[W] R11 C3 - L0[O] M2 ,None
3.425972,0.523810,1197900,361.149508,4.326210e+02,1.928614,105415200,105415200,176,178.485181,590407,0,0,176,479160,38647,72600,L5[WIO] Q55 - L4[IO] M4 P55 M8X - L3[] Q1 S11Y - L2[I] Q1 - L1[W] R11 C3 - L0[O] M3 ,None
4.300144,0.065476,9583200,453.300510,4.344069e+03,1.928614,105415200,105415200,22,160.942297,654762,0,0,22,479160,103002,72600,L5[WIO] Q55 C3 - L4[IO] M48 P55 - L3[] Q1 S11Y - L2[I] Q1 - L1[W] R11 - L0[O] M2 ,None
3.561630,0.196429,3194400,375.449928,1.199337e+03,1.928614,105415200,105415200,132,160.942297,654762,0,0,132,479160,103002,72600,L5[WIO] Q55 C3 - L4[IO] M4 P55 M3X - L3[] Q1 S11Y - L2[I] Q1 - L1[W] R11 - L0[O] M8 ,None
35.244185,0.196429,3194400,3715.272797,1.186807e+04,1.928614,105415200,105415200,132,3.981814,26465047,0,0,132,26353800,38647,72600,L5[WIO] Q55 - L4[IO] M4 P55 C3 M3X - L3[] Q1 S11Y - L2[I] Q1 - L1[W] R11 - L0[O] M8 ,None
3.603133,0.523810,1197900,379.825015,4.549924e+02,1.928614,105415200,105415200,176,160.942297,654762,0,0,176,479160,103002,72600,L5[WIO] Q55 C3 - L4[IO] M6 P55 M8X - L3[] Q1 S11Y - L2[I] Q1 - L1[W] R11 - L0[O] M2 ,None
35.251570,0.392857,1597200,3716.051288,5.935277e+03,1.928614,105415200,105415200,132,3.981814,26465047,0,0,132,26353800,38647,72600,L5[WIO] Q55 - L4[IO] M4 P55 C3 M6X - L3[] Q1 S11Y - L2[I] Q1 - L1[W] R11 - L0[O] M4 ,None
3.390934,0.785714,798600,357.455934,2.854643e+02,1.928614,105415200,105415200,264,178.485181,590407,0,0,264,479160,38647,72600,L5[WIO] Q55 - L4[IO] M2 P55 M12X - L3[] Q1 S11Y - L2[I] Q1 - L1[W] R11 C3 - L0[O] M4 ,None
35.428491,0.196429,3194400,3734.701477,1.193013e+04,1.928614,105415200,105415200,66,3.981814,26465047,0,0,66,26353800,38647,72600,L5[WIO] Q55 - L4[IO] M8 P55 C3 M3X - L3[] Q1 S11Y - L2[I] Q1 - L1[W] R11 - L0[O] M4 ,None
3.772660,0.261905,2395800,397.695672,9.527993e+02,1.928614,105415200,105415200,88,178.485181,590407,0,0,88,479160,38647,72600,L5[WIO] Q55 - L4[IO] M24 P55 M4X - L3[] Q1 S11Y - L2[I] Q1 - L1[W] R11 C3 - L0[O] Q1 ,None
35.152032,0.196429,3194400,3705.558494,1.183704e+04,1.928614,105415200,105415200,264,3.981814,26465047,0,0,264,26353800,38647,72600,L5[WIO] Q55 - L4[IO] M2 P55 C3 M3X - L3[] Q1 S11Y - L2[I] Q1 - L1[W] R11 - L0[O] M16 ,None
3.527515,0.261905,2395800,371.853709,8.908871e+02,1.928614,105415200,105415200,264,160.942297,654762,0,0,264,479160,103002,72600,L5[WIO] Q55 C3 - L4[IO] M2 P55 M4X - L3[] Q1 S11Y - L2[I] Q1 - L1[W] R11 - L0[O] M12 ,None
3.564401,0.392857,1597200,375.742023,6.001352e+02,1.928614,105415200,105415200,132,160.942297,654762,0,0,132,479160,103002,72600,L5[WIO] Q55 C3 - L4[IO] M4 P55 M6X - L3[] Q1 S11Y - L2[I] Q1 - L1[W] R11 - L0[O] M4 ,None
35.163110,0.785714,798600,3706.726243,2.960192e+03,1.928614,105415200,105415200,264,3.981814,26465047,0,0,264,26353800,38647,72600,L5[WIO] Q55 - L4[IO] M2 P55 C3 M12X - L3[] Q1 S11Y - L2[I] Q1 - L1[W] R11 - L0[O] M4 ,None
3.386777,0.196429,3194400,357.017780,1.140458e+03,1.928614,105415200,105415200,264,178.485181,590407,0,0,264,479160,38647,72600,L5[WIO] Q55 - L4[IO] M2 P55 M3X - L3[] Q1 S11Y - L2[I] Q1 - L1[W] R11 C3 - L0[O] M16 ,None
3.630783,0.196429,3194400,382.739674,1.222624e+03,1.928614,105415200,105415200,66,160.942297,654762,0,0,66,479160,103002,72600,L5[WIO] Q55 C3 - L4[IO] M8 P55 M3X - L3[] Q1 S11Y - L2[I] Q1 - L1[W] R11 - L0[O] M4 ,None
3.490506,0.196429,3194400,367.952429,1.175387e+03,1.928614,105415200,105415200,66,178.485181,590407,0,0,66,479160,38647,72600,L5[WIO] Q55 - L4[IO] M8 P55 M3X - L3[] Q1 S11Y - L2[I] Q1 - L1[W] R11 C3 - L0[O] M4 ,None
3.508144,0.065476,9583200,369.811659,3.543979e+03,1.928614,105415200,105415200,132,160.942297,654762,0,0,132,479160,103002,72600,L5[WIO] Q55 M2 - L4[IO] M2 P55 - L3[] Q1 S11Y - L2[I] Q1 - L1[W] R11 C3 - L0[O] M24 ,None
4.030921,0.065476,9583200,424.920378,4.072097e+03,1.928614,105415200,105415200,22,160.942297,654762,0,0,22,479160,103002,72600,L5[WIO] Q55 C3 - L4[IO] M32 P55 - L3[] Q1 S11Y - L2[I] Q1 - L1[W] R11 - L0[O] M3 ,None
3.566248,0.523810,1197900,375.936753,4.503346e+02,1.928614,105415200,105415200,176,160.942297,654762,0,0,176,479160,103002,72600,L5[WIO] Q55 C3 - L4[IO] M4 P55 M8X - L3[] Q1 S11Y - L2[I] Q1 - L1[W] R11 - L0[O] M3 ,None
35.256493,0.523810,1197900,3716.570282,4.452080e+03,1.928614,105415200,105415200,176,3.981814,26465047,0,0,176,26353800,38647,72600,L5[WIO] Q55 - L4[IO] M4 P55 C3 M8X - L3[] Q1 S11Y - L2[I] Q1 - L1[W] R11 - L0[O] M3 ,None
3.632630,0.261905,2395800,382.934404,9.174342e+02,1.928614,105415200,105415200,88,160.942297,654762,0,0,88,479160,103002,72600,L5[WIO] Q55 C3 - L4[IO] M8 P55 M4X - L3[] Q1 S11Y - L2[I] Q1 - L1[W] R11 - L0[O] M3 ,None
36.180485,0.261905,2395800,3813.973115,9.137517e+03,1.928614,105415200,105415200,88,3.981814,26465047,0,0,88,26353800,38647,72600,L5[WIO] Q55 - L4[IO] M24 P55 C3 M4X - L3[] Q1 S11Y - L2[I] Q1 - L1[W] R11 - L0[O] Q1 ,None
3.761576,0.130952,4791600,396.527292,1.900000e+03,1.928614,105415200,105415200,44,178.485181,590407,0,0,44,479160,38647,72600,L5[WIO] Q55 - L4[IO] M24 P55 M2X - L3[] Q1 S11Y - L2[I] Q1 - L1[W] R11 C3 - L0[O] M2 ,None
35.340031,0.261905,2395800,3725.376422,8.925257e+03,1.928614,105415200,105415200,88,3.981814,26465047,0,0,88,26353800,38647,72600,L5[WIO] Q55 - L4[IO] M6 P55 C3 M4X - L3[] Q1 S11Y - L2[I] Q1 - L1[W] R11 - L0[O] M4 ,None
3.403372,0.130952,4791600,358.767176,1.719069e+03,1.928614,105415200,105415200,176,178.485181,590407,0,0,176,479160,38647,72600,L5[WIO] Q55 - L4[IO] M3 P55 M2X - L3[] Q1 S11Y - L2[I] Q1 - L1[W] R11 C3 - L0[O] M16 ,None
39.453702,0.065476,9583200,4159.019892,3.985672e+04,1.928614,105415200,105415200,22,3.972155,26529402,0,0,22,26353800,103002,72600,L5[WIO] Q55 M96 - L4[IO] P55 C3 - L3[] Q1 S11Y - L2[I] Q1 - L1[W] R11 - L0[O] Q1 ,None
3.454544,0.130952,4791600,364.161477,1.744916e+03,1.928614,105415200,105415200,88,178.485181,590407,0,0,88,479160,38647,72600,L5[WIO] Q55 - L4[IO] M6 P55 M2X - L3[] Q1 S11Y - L2[I] Q1 - L1[W] R11 C3 - L0[O] M8 ,None
35.354801,0.523810,1197900,3726.933409,4.464494e+03,1.928614,105415200,105415200,176,3.981814,26465047,0,0,176,26353800,38647,72600,L5[WIO] Q55 - L4[IO] M6 P55 C3 M8X - L3[] Q1 S11Y - L2[I] Q1 - L1[W] R11 - L0[O] M2 ,None
3.912936,0.261905,2395800,412.482917,9.882266e+02,1.928614,105415200,105415200,88,160.942297,654762,0,0,88,479160,103002,72600,L5[WIO] Q55 C3 - L4[IO] M24 P55 M4X - L3[] Q1 S11Y - L2[I] Q1 - L1[W] R11 - L0[O] Q1 ,None
35.194416,0.065476,9583200,3710.026432,3.555393e+04,1.928614,105415200,105415200,176,3.981814,26465047,0,0,176,26353800,38647,72600,L5[WIO] Q55 - L4[IO] M3 P55 C3 - L3[] Q1 S11Y - L2[I] Q1 - L1[W] R11 - L0[O] M32 ,None
3.462857,0.523810,1197900,365.037770,4.372787e+02,1.928614,105415200,105415200,176,178.485181,590407,0,0,176,479160,38647,72600,L5[WIO] Q55 - L4[IO] M6 P55 M8X - L3[] Q1 S11Y - L2[I] Q1 - L1[W] R11 C3 - L0[O] M2 ,None
18.584800,0.065476,9583200,1959.120372,1.877464e+04,1.928614,105415200,105415200,22,10.093880,10439880,0,0,22,479160,9888120,72600,L5[WIO] Q55 M96 C3 - L4[IO] P55 - L3[] Q1 S11Y - L2[I] Q1 - L1[W] R11 - L0[O] Q1 ,None
5.056172,0.065476,9583200,532.997368,5.107820e+03,1.928614,105415200,105415200,22,160.942297,654762,0,0,22,479160,103002,72600,L5[WIO] Q55 M96 - L4[IO] P55 - L3[] Q1 S11Y - L2[I] Q1 - L1[W] R11 C3 - L0[O] Q1 ,None
3.510915,0.261905,2395800,370.103754,8.866946e+02,1.928614,105415200,105415200,176,160.942297,654762,0,0,176,479160,103002,72600,L5[WIO] Q55 M2 - L4[IO] M2 P55 M4X - L3[] Q1 S11Y - L2[I] Q1 - L1[W] R11 C3 - L0[O] M6 ,None
3.901852,0.130952,4791600,411.314536,1.970855e+03,1.928614,105415200,105415200,44,160.942297,654762,0,0,44,479160,103002,72600,L5[WIO] Q55 C3 - L4[IO] M24 P55 M2X - L3[] Q1 S11Y - L2[I] Q1 - L1[W] R11 - L0[O] M2 ,None
3.701644,0.065476,9583200,390.209541,3.739456e+03,1.928614,105415200,105415200,132,139.065777,757763,0,0,132,479160,206003,72600,L5[WIO] Q55 M2 C3 - L4[IO] M2 P55 - L3[] Q1 S11Y - L2[I] Q1 - L1[W] R11 - L0[O] M24 ,None
35.327899,0.065476,9583200,3724.097509,3.568877e+04,1.928614,105415200,105415200,132,3.972155,26529402,0,0,132,26353800,103002,72600,L5[WIO] Q55 M2 - L4[IO] M2 P55 C3 - L3[] Q1 S11Y - L2[I] Q1 - L1[W] R11 - L0[O] M24 ,None
3.702706,0.261905,2395800,390.321515,9.351323e+02,1.928614,105415200,105415200,88,160.942297,654762,0,0,88,479160,103002,72600,L5[WIO] Q55 C3 - L4[IO] M12 P55 M4X - L3[] Q1 S11Y - L2[I] Q1 - L1[W] R11 - L0[O] M2 ,None
35.332646,0.130952,4791600,3724.597928,1.784678e+04,1.928614,105415200,105415200,88,3.981814,26465047,0,0,88,26353800,38647,72600,L5[WIO] Q55 - L4[IO] M6 P55 C3 M2X - L3[] Q1 S11Y - L2[I] Q1 - L1[W] R11 - L0[O] M8 ,None
35.777410,0.065476,9583200,3771.482794,3.614287e+04,1.928614,105415200,105415200,44,3.981814,26465047,0,0,44,26353800,38647,72600,L5[WIO] Q55 - L4[IO] M16 P55 C3 - L3[] Q1 S11Y - L2[I] Q1 - L1[W] R11 - L0[O] M6 ,None
3.404758,0.261905,2395800,358.913227,8.598843e+02,1.928614,105415200,105415200,176,178.485181,590407,0,0,176,479160,38647,72600,L5[WIO] Q55 - L4[IO] M3 P55 M4X - L3[] Q1 S11Y - L2[I] Q1 - L1[W] R11 C3 - L0[O] M8 ,None
35.330360,0.130952,4791600,3724.357006,1.784563e+04,1.928614,105415200,105415200,132,3.972155,26529402,0,0,132,26353800,103002,72600,L5[WIO] Q55 M2 - L4[IO] M2 P55 C3 M2X - L3[] Q1 S11Y - L2[I] Q1 - L1[W] R11 - L0[O] M12 ,None
3.531210,0.785714,798600,372.243179,2.972734e+02,1.928614,105415200,105415200,264,160.942297,654762,0,0,264,479160,103002,72600,L5[WIO] Q55 C3 - L4[IO] M2 P55 M12X - L3[] Q1 S11Y - L2[I] Q1 - L1[W] R11 - L0[O] M4 ,None
35.433414,0.261905,2395800,3735.220472,8.948841e+03,1.928614,105415200,105415200,88,3.981814,26465047,0,0,88,26353800,38647,72600,L5[WIO] Q55 - L4[IO] M8 P55 C3 M4X - L3[] Q1 S11Y - L2[I] Q1 - L1[W] R11 - L0[O] M3 ,None
3.594821,0.130952,4791600,378.948722,1.815771e+03,1.928614,105415200,105415200,88,160.942297,654762,0,0,88,479160,103002,72600,L5[WIO] Q55 C3 - L4[IO] M6 P55 M2X - L3[] Q1 S11Y - L2[I] Q1 - L1[W] R11 - L0[O] M8 ,None
35.196263,0.130952,4791600,3710.221056,1.777790e+04,1.928614,105415200,105415200,176,3.981814,26465047,0,0,176,26353800,38647,72600,L5[WIO] Q55 - L4[IO] M3 P55 C3 M2X - L3[] Q1 S11Y - L2[I] Q1 - L1[W] R11 - L0[O] M16 ,None
3.492354,0.261905,2395800,368.147159,8.820070e+02,1.928614,105415200,105415200,88,178.485181,590407,0,0,88,479160,38647,72600,L5[WIO] Q55 - L4[IO] M8 P55 M4X - L3[] Q1 S11Y - L2[I] Q1 - L1[W] R11 C3 - L0[O] M3 ,None
3.702568,0.130952,4791600,390.306906,1.870195e+03,1.928614,105415200,105415200,132,139.065777,757763,0,0,132,479160,206003,72600,L5[WIO] Q55 M2 C3 - L4[IO] M2 P55 M2X - L3[] Q1 S11Y - L2[I] Q1 - L1[W] R11 - L0[O] M12 ,None
3.509067,0.130952,4791600,369.909024,1.772456e+03,1.928614,105415200,105415200,132,160.942297,654762,0,0,132,479160,103002,72600,L5[WIO] Q55 M2 - L4[IO] M2 P55 M2X - L3[] Q1 S11Y - L2[I] Q1 - L1[W] R11 C3 - L0[O] M12 ,None
5.056172,0.065476,9583200,532.997368,5.107820e+03,1.928614,105415200,105415200,22,160.942297,654762,0,0,22,479160,103002,72600,L5[WIO] Q55 M2 - L4[IO] M48 P55 - L3[] Q1 S11Y - L2[I] Q1 - L1[W] R11 C3 - L0[O] Q1 ,None
3.704415,0.261905,2395800,390.501636,9.355638e+02,1.928614,105415200,105415200,176,139.065777,757763,0,0,176,479160,206003,72600,L5[WIO] Q55 M2 C3 - L4[IO] M2 P55 M4X - L3[] Q1 S11Y - L2[I] Q1 - L1[W] R11 - L0[O] M6 ,None
35.335284,0.261905,2395800,3724.876000,8.924058e+03,1.928614,105415200,105415200,176,3.972155,26529402,0,0,176,26353800,103002,72600,L5[WIO] Q55 M2 - L4[IO] M2 P55 C3 M4X - L3[] Q1 S11Y - L2[I] Q1 - L1[W] R11 - L0[O] M6 ,None
3.457315,0.261905,2395800,364.453575,8.731579e+02,1.928614,105415200,105415200,88,178.485181,590407,0,0,88,479160,38647,72600,L5[WIO] Q55 - L4[IO] M6 P55 M4X - L3[] Q1 S11Y - L2[I] Q1 - L1[W] R11 C3 - L0[O] M4 ,None
3.670300,0.392857,1597200,386.905420,6.179653e+02,1.928614,105415200,105415200,264,139.065777,757763,0,0,264,479160,206003,72600,L5[WIO] Q55 M2 C3 - L4[IO] P55 M6X - L3[] Q1 S11Y - L2[I] Q1 - L1[W] R11 - L0[O] M8 ,None
3.407529,0.523810,1197900,359.205330,4.302921e+02,1.928614,105415200,105415200,176,178.485181,590407,0,0,176,479160,38647,72600,L5[WIO] Q55 - L4[IO] M3 P55 M8X - L3[] Q1 S11Y - L2[I] Q1 - L1[W] R11 C3 - L0[O] M4 ,None
3.507132,0.785714,798600,369.705000,2.952464e+02,1.928614,105415200,105415200,264,178.485181,590407,0,0,264,479160,38647,72600,L5[WIO] Q55 - L4[IO] M8 P55 M12X - L3[] Q1 S11Y - L2[I] Q1 - L1[W] R11 C3 - L0[O] Q1 ,None
3.419506,0.065476,9583200,360.467953,3.454436e+03,1.928614,105415200,105415200,132,178.485181,590407,0,0,132,479160,38647,72600,L5[WIO] Q55 - L4[IO] M4 P55 - L3[] Q1 S11Y - L2[I] Q1 - L1[W] R11 C3 - L0[O] M24 ,None
3.542956,0.065476,9583200,373.481395,3.579147e+03,1.928614,105415200,105415200,176,160.942297,654762,0,0,176,479160,103002,72600,L5[WIO] Q55 C3 - L4[IO] M3 P55 - L3[] Q1 S11Y - L2[I] Q1 - L1[W] R11 - L0[O] M32 ,None
35.620182,0.261905,2395800,3754.908649,8.996010e+03,1.928614,105415200,105415200,88,3.981814,26465047,0,0,88,26353800,38647,72600,L5[WIO] Q55 - L4[IO] M12 P55 C3 M4X - L3[] Q1 S11Y - L2[I] Q1 - L1[W] R11 - L0[O] M2 ,None
35.199955,0.261905,2395800,3710.610303,8.889880e+03,1.928614,105415200,105415200,176,3.981814,26465047,0,0,176,26353800,38647,72600,L5[WIO] Q55 - L4[IO] M3 P55 C3 M4X - L3[] Q1 S11Y - L2[I] Q1 - L1[W] R11 - L0[O] M8 ,None
3.562430,0.261905,2395800,375.534271,8.997050e+02,1.928614,105415200,105415200,88,178.485181,590407,0,0,88,479160,38647,72600,L5[WIO] Q55 - L4[IO] M12 P55 M4X - L3[] Q1 S11Y - L2[I] Q1 - L1[W] R11 C3 - L0[O] M2 ,None
3.703491,0.196429,3194400,390.404271,1.247107e+03,1.928614,105415200,105415200,132,139.065777,757763,0,0,132,479160,206003,72600,L5[WIO] Q55 M2 C3 - L4[IO] M2 P55 M3X - L3[] Q1 S11Y - L2[I] Q1 - L1[W] R11 - L0[O] M8 ,None
3.597591,0.261905,2395800,379.240820,9.085852e+02,1.928614,105415200,105415200,88,160.942297,654762,0,0,88,479160,103002,72600,L5[WIO] Q55 C3 - L4[IO] M6 P55 M4X - L3[] Q1 S11Y - L2[I] Q1 - L1[W] R11 - L0[O] M4 ,None
3.509991,0.196429,3194400,370.006389,1.181948e+03,1.928614,105415200,105415200,132,160.942297,654762,0,0,132,479160,103002,72600,L5[WIO] Q55 M2 - L4[IO] M2 P55 M3X - L3[] Q1 S11Y - L2[I] Q1 - L1[W] R11 C3 - L0[O] M8 ,None
3.543181,0.130952,4791600,373.505184,1.789687e+03,1.928614,105415200,105415200,88,160.942297,654762,0,0,88,479160,103002,72600,L5[WIO] Q55 M2 - L4[IO] M3 P55 M2X - L3[] Q1 S11Y - L2[I] Q1 - L1[W] R11 C3 - L0[O] M8 ,None
5.249672,0.065476,9583200,553.395250,5.303297e+03,1.928614,105415200,105415200,22,139.065777,757763,0,0,22,479160,206003,72600,L5[WIO] Q55 M2 C3 - L4[IO] M48 P55 - L3[] Q1 S11Y - L2[I] Q1 - L1[W] R11 - L0[O] Q1 ,None
39.453702,0.065476,9583200,4159.019892,3.985672e+04,1.928614,105415200,105415200,22,3.972155,26529402,0,0,22,26353800,103002,72600,L5[WIO] Q55 M2 - L4[IO] M48 P55 C3 - L3[] Q1 S11Y - L2[I] Q1 - L1[W] R11 - L0[O] Q1 ,None
3.621423,0.065476,9583200,381.753001,3.658415e+03,1.928614,105415200,105415200,44,178.485181,590407,0,0,44,479160,38647,72600,L5[WIO] Q55 - L4[IO] M16 P55 - L3[] Q1 S11Y - L2[I] Q1 - L1[W] R11 C3 - L0[O] M6 ,None
35.472801,0.785714,798600,3739.372425,2.986263e+03,1.928614,105415200,105415200,264,3.981814,26465047,0,0,264,26353800,38647,72600,L5[WIO] Q55 - L4[IO] M8 P55 C3 M12X - L3[] Q1 S11Y - L2[I] Q1 - L1[W] R11 - L0[O] Q1 ,None
35.443261,0.392857,1597200,3736.258460,5.967552e+03,1.928614,105415200,105415200,132,3.981814,26465047,0,0,132,26353800,38647,72600,L5[WIO] Q55 - L4[IO] M8 P55 C3 M6X - L3[] Q1 S11Y - L2[I] Q1 - L1[W] R11 - L0[O] M2 ,None
3.671224,0.523810,1197900,387.002787,4.635906e+02,1.928614,105415200,105415200,352,139.065777,757763,0,0,352,479160,206003,72600,L5[WIO] Q55 M2 C3 - L4[IO] P55 M8X - L3[] Q1 S11Y - L2[I] Q1 - L1[W] R11 - L0[O] M6 ,None
35.332822,0.196429,3194400,3724.616503,1.189791e+04,1.928614,105415200,105415200,132,3.972155,26529402,0,0,132,26353800,103002,72600,L5[WIO] Q55 M2 - L4[IO] M2 P55 C3 M3X - L3[] Q1 S11Y - L2[I] Q1 - L1[W] R11 - L0[O] M8 ,None
3.475876,0.261905,2395800,366.410170,8.778455e+02,1.928614,105415200,105415200,264,160.942297,654762,0,0,264,479160,103002,72600,L5[WIO] Q55 M2 - L4[IO] P55 M4X - L3[] Q1 S11Y - L2[I] Q1 - L1[W] R11 C3 - L0[O] M12 ,None
3.422277,0.261905,2395800,360.760048,8.643089e+02,1.928614,105415200,105415200,176,178.485181,590407,0,0,176,479160,38647,72600,L5[WIO] Q55 - L4[IO] M4 P55 M4X - L3[] Q1 S11Y - L2[I] Q1 - L1[W] R11 C3 - L0[O] M6 ,None
3.543649,0.130952,4791600,373.554421,1.789923e+03,1.928614,105415200,105415200,176,160.942297,654762,0,0,176,479160,103002,72600,L5[WIO] Q55 C3 - L4[IO] M3 P55 M2X - L3[] Q1 S11Y - L2[I] Q1 - L1[W] R11 - L0[O] M16 ,None
3.647408,0.785714,798600,384.492244,3.070555e+02,1.928614,105415200,105415200,264,160.942297,654762,0,0,264,479160,103002,72600,L5[WIO] Q55 C3 - L4[IO] M8 P55 M12X - L3[] Q1 S11Y - L2[I] Q1 - L1[W] R11 - L0[O] Q1 ,None
35.244362,0.392857,1597200,3715.291450,5.934064e+03,1.928614,105415200,105415200,264,3.972155,26529402,0,0,264,26353800,103002,72600,L5[WIO] Q55 M2 - L4[IO] P55 C3 M6X - L3[] Q1 S11Y - L2[I] Q1 - L1[W] R11 - L0[O] M8 ,None
35.207340,0.523810,1197900,3711.388797,4.445873e+03,1.928614,105415200,105415200,176,3.981814,26465047,0,0,176,26353800,38647,72600,L5[WIO] Q55 - L4[IO] M3 P55 C3 M8X - L3[] Q1 S11Y - L2[I] Q1 - L1[W] R11 - L0[O] M4 ,None
3.476800,0.392857,1597200,366.507538,5.853858e+02,1.928614,105415200,105415200,264,160.942297,654762,0,0,264,479160,103002,72600,L5[WIO] Q55 M2 - L4[IO] P55 M6X - L3[] Q1 S11Y - L2[I] Q1 - L1[W] R11 C3 - L0[O] M8 ,None
3.708109,0.523810,1197900,390.891096,4.682484e+02,1.928614,105415200,105415200,176,139.065777,757763,0,0,176,479160,206003,72600,L5[WIO] Q55 M2 C3 - L4[IO] M2 P55 M8X - L3[] Q1 S11Y - L2[I] Q1 - L1[W] R11 - L0[O] M3 ,None
3.761699,0.065476,9583200,396.540246,3.800124e+03,1.928614,105415200,105415200,44,160.942297,654762,0,0,44,479160,103002,72600,L5[WIO] Q55 C3 - L4[IO] M16 P55 - L3[] Q1 S11Y - L2[I] Q1 - L1[W] R11 - L0[O] M6 ,None
3.514609,0.523810,1197900,370.493214,4.438138e+02,1.928614,105415200,105415200,176,160.942297,654762,0,0,176,479160,103002,72600,L5[WIO] Q55 M2 - L4[IO] M2 P55 M8X - L3[] Q1 S11Y - L2[I] Q1 - L1[W] R11 C3 - L0[O] M3 ,None
4.259588,0.130952,4791600,449.025352,2.151550e+03,1.928614,105415200,105415200,44,160.942297,654762,0,0,44,479160,103002,72600,L5[WIO] Q55 M2 - L4[IO] M24 P55 M2X - L3[] Q1 S11Y - L2[I] Q1 - L1[W] R11 C3 - L0[O] Q1 ,None
3.736682,0.130952,4791600,393.903065,1.887426e+03,1.928614,105415200,105415200,88,139.065777,757763,0,0,88,479160,206003,72600,L5[WIO] Q55 M2 C3 - L4[IO] M3 P55 M2X - L3[] Q1 S11Y - L2[I] Q1 - L1[W] R11 - L0[O] M8 ,None
35.421283,0.130952,4791600,3733.941634,1.789155e+04,1.928614,105415200,105415200,88,3.972155,26529402,0,0,88,26353800,103002,72600,L5[WIO] Q55 M2 - L4[IO] M3 P55 C3 M2X - L3[] Q1 S11Y - L2[I] Q1 - L1[W] R11 - L0[O] M8 ,None
35.238208,0.065476,9583200,3714.642701,3.559816e+04,1.928614,105415200,105415200,264,3.972155,26529402,0,0,264,26353800,103002,72600,L5[WIO] Q55 M2 - L4[IO] P55 C3 - L3[] Q1 S11Y - L2[I] Q1 - L1[W] R11 - L0[O] M48 ,None
3.706262,0.392857,1597200,390.696366,6.240202e+02,1.928614,105415200,105415200,132,139.065777,757763,0,0,132,479160,206003,72600,L5[WIO] Q55 M2 C3 - L4[IO] M2 P55 M6X - L3[] Q1 S11Y - L2[I] Q1 - L1[W] R11 - L0[O] M4 ,None
35.345130,0.523810,1197900,3725.913988,4.463272e+03,1.928614,105415200,105415200,176,3.972155,26529402,0,0,176,26353800,103002,72600,L5[WIO] Q55 M2 - L4[IO] M2 P55 C3 M8X - L3[] Q1 S11Y - L2[I] Q1 - L1[W] R11 - L0[O] M3 ,None
3.756034,0.065476,9583200,395.943101,3.794402e+03,1.928614,105415200,105415200,22,178.485181,590407,0,0,22,479160,38647,72600,L5[WIO] Q55 - L4[IO] M24 P55 - L3[] Q1 S11Y - L2[I] Q1 - L1[W] R11 C3 - L0[O] M4 ,None
3.545034,0.261905,2395800,373.700472,8.953116e+02,1.928614,105415200,105415200,176,160.942297,654762,0,0,176,479160,103002,72600,L5[WIO] Q55 C3 - L4[IO] M3 P55 M4X - L3[] Q1 S11Y - L2[I] Q1 - L1[W] R11 - L0[O] M8 ,None
3.667991,0.065476,9583200,386.662001,3.705459e+03,1.928614,105415200,105415200,264,139.065777,757763,0,0,264,479160,206003,72600,L5[WIO] Q55 M2 C3 - L4[IO] P55 - L3[] Q1 S11Y - L2[I] Q1 - L1[W] R11 - L0[O] M48 ,None
3.547805,0.523810,1197900,373.992575,4.480057e+02,1.928614,105415200,105415200,176,160.942297,654762,0,0,176,479160,103002,72600,L5[WIO] Q55 C3 - L4[IO] M3 P55 M8X - L3[] Q1 S11Y - L2[I] Q1 - L1[W] R11 - L0[O] M4 ,None
35.239262,0.065476,9583200,3714.753802,3.559923e+04,1.928614,105415200,105415200,132,3.981814,26465047,0,0,132,26353800,38647,72600,L5[WIO] Q55 - L4[IO] M4 P55 C3 - L3[] Q1 S11Y - L2[I] Q1 - L1[W] R11 - L0[O] M24 ,None
3.477723,0.523810,1197900,366.604905,4.391560e+02,1.928614,105415200,105415200,352,160.942297,654762,0,0,352,479160,103002,72600,L5[WIO] Q55 M2 - L4[IO] P55 M8X - L3[] Q1 S11Y - L2[I] Q1 - L1[W] R11 C3 - L0[O] M6 ,None
3.744995,0.523810,1197900,394.779358,4.729062e+02,1.928614,105415200,105415200,176,139.065777,757763,0,0,176,479160,206003,72600,L5[WIO] Q55 M2 C3 - L4[IO] M3 P55 M8X - L3[] Q1 S11Y - L2[I] Q1 - L1[W] R11 - L0[O] M2 ,None
3.551494,0.523810,1197900,374.381477,4.484716e+02,1.928614,105415200,105415200,176,160.942297,654762,0,0,176,479160,103002,72600,L5[WIO] Q55 M2 - L4[IO] M3 P55 M8X - L3[] Q1 S11Y - L2[I] Q1 - L1[W] R11 C3 - L0[O] M2 ,None
3.713754,0.130952,4791600,391.486168,1.875845e+03,1.928614,105415200,105415200,44,160.942297,654762,0,0,44,479160,103002,72600,L5[WIO] Q55 M2 - L4[IO] M8 P55 M2X - L3[] Q1 S11Y - L2[I] Q1 - L1[W] R11 C3 - L0[O] M3 ,None
3.496048,0.392857,1597200,368.536620,5.886267e+02,1.928614,105415200,105415200,132,178.485181,590407,0,0,132,479160,38647,72600,L5[WIO] Q55 - L4[IO] M8 P55 M6X - L3[] Q1 S11Y - L2[I] Q1 - L1[W] R11 C3 - L0[O] M2 ,None
4.453089,0.130952,4791600,469.423234,2.249288e+03,1.928614,105415200,105415200,44,139.065777,757763,0,0,44,479160,206003,72600,L5[WIO] Q55 M2 C3 - L4[IO] M24 P55 M2X - L3[] Q1 S11Y - L2[I] Q1 - L1[W] R11 - L0[O] Q1 ,None
37.330649,0.130952,4791600,3935.217822,1.885599e+04,1.928614,105415200,105415200,44,3.972155,26529402,0,0,44,26353800,103002,72600,L5[WIO] Q55 M2 - L4[IO] M24 P55 C3 M2X - L3[] Q1 S11Y - L2[I] Q1 - L1[W] R11 - L0[O] Q1 ,None
35.649722,0.523810,1197900,3758.022614,4.501735e+03,1.928614,105415200,105415200,176,3.981814,26465047,0,0,176,26353800,38647,72600,L5[WIO] Q55 - L4[IO] M12 P55 C3 M8X - L3[] Q1 S11Y - L2[I] Q1 - L1[W] R11 - L0[O] Q1 ,None
35.241900,0.261905,2395800,3715.031950,8.900474e+03,1.928614,105415200,105415200,264,3.972155,26529402,0,0,264,26353800,103002,72600,L5[WIO] Q55 M2 - L4[IO] P55 C3 M4X - L3[] Q1 S11Y - L2[I] Q1 - L1[W] R11 - L0[O] M12 ,None
3.479571,0.785714,798600,366.799641,2.929262e+02,1.928614,105415200,105415200,264,160.942297,654762,0,0,264,479160,103002,72600,L5[WIO] Q55 M2 - L4[IO] P55 M12X - L3[] Q1 S11Y - L2[I] Q1 - L1[W] R11 C3 - L0[O] M4 ,None
3.774491,0.261905,2395800,397.888747,9.532619e+02,1.928614,105415200,105415200,88,139.065777,757763,0,0,88,479160,206003,72600,L5[WIO] Q55 M2 C3 - L4[IO] M4 P55 M4X - L3[] Q1 S11Y - L2[I] Q1 - L1[W] R11 - L0[O] M3 ,None
35.443438,0.523810,1197900,3736.277116,4.475686e+03,1.928614,105415200,105415200,176,3.972155,26529402,0,0,176,26353800,103002,72600,L5[WIO] Q55 M2 - L4[IO] M3 P55 C3 M8X - L3[] Q1 S11Y - L2[I] Q1 - L1[W] R11 - L0[O] M2 ,None
3.453159,0.065476,9583200,364.015429,3.488433e+03,1.928614,105415200,105415200,88,178.485181,590407,0,0,88,479160,38647,72600,L5[WIO] Q55 - L4[IO] M6 P55 - L3[] Q1 S11Y - L2[I] Q1 - L1[W] R11 C3 - L0[O] M16 ,None
35.246824,0.523810,1197900,3715.550949,4.450858e+03,1.928614,105415200,105415200,352,3.972155,26529402,0,0,352,26353800,103002,72600,L5[WIO] Q55 M2 - L4[IO] P55 C3 M8X - L3[] Q1 S11Y - L2[I] Q1 - L1[W] R11 - L0[O] M6 ,None
3.669376,0.261905,2395800,386.808052,9.267147e+02,1.928614,105415200,105415200,264,139.065777,757763,0,0,264,479160,206003,72600,L5[WIO] Q55 M2 C3 - L4[IO] P55 M4X - L3[] Q1 S11Y - L2[I] Q1 - L1[W] R11 - L0[O] M12 ,None
3.559783,0.065476,9583200,375.255198,3.596146e+03,1.928614,105415200,105415200,132,160.942297,654762,0,0,132,479160,103002,72600,L5[WIO] Q55 C3 - L4[IO] M4 P55 - L3[] Q1 S11Y - L2[I] Q1 - L1[W] R11 - L0[O] M24 ,None
35.246647,0.261905,2395800,3715.532294,8.901672e+03,1.928614,105415200,105415200,176,3.981814,26465047,0,0,176,26353800,38647,72600,L5[WIO] Q55 - L4[IO] M4 P55 C3 M4X - L3[] Q1 S11Y - L2[I] Q1 - L1[W] R11 - L0[O] M6 ,None
3.512762,0.392857,1597200,370.298484,5.914407e+02,1.928614,105415200,105415200,132,160.942297,654762,0,0,132,479160,103002,72600,L5[WIO] Q55 M2 - L4[IO] M2 P55 M6X - L3[] Q1 S11Y - L2[I] Q1 - L1[W] R11 C3 - L0[O] M4 ,None
3.636324,0.392857,1597200,383.323864,6.122449e+02,1.928614,105415200,105415200,132,160.942297,654762,0,0,132,479160,103002,72600,L5[WIO] Q55 C3 - L4[IO] M8 P55 M6X - L3[] Q1 S11Y - L2[I] Q1 - L1[W] R11 - L0[O] M2 ,None
3.772644,0.196429,3194400,397.694017,1.270394e+03,1.928614,105415200,105415200,66,139.065777,757763,0,0,66,479160,206003,72600,L5[WIO] Q55 M2 C3 - L4[IO] M4 P55 M3X - L3[] Q1 S11Y - L2[I] Q1 - L1[W] R11 - L0[O] M4 ,None
3.579144,0.196429,3194400,377.296135,1.205235e+03,1.928614,105415200,105415200,66,160.942297,654762,0,0,66,479160,103002,72600,L5[WIO] Q55 M2 - L4[IO] M4 P55 M3X - L3[] Q1 S11Y - L2[I] Q1 - L1[W] R11 C3 - L0[O] M4 ,None
3.844568,0.261905,2395800,405.275859,9.709599e+02,1.928614,105415200,105415200,88,139.065777,757763,0,0,88,479160,206003,72600,L5[WIO] Q55 M2 C3 - L4[IO] M6 P55 M4X - L3[] Q1 S11Y - L2[I] Q1 - L1[W] R11 - L0[O] M2 ,None
3.907255,0.130952,4791600,411.884050,1.973584e+03,1.928614,105415200,105415200,44,139.065777,757763,0,0,44,479160,206003,72600,L5[WIO] Q55 M2 C3 - L4[IO] M8 P55 M2X - L3[] Q1 S11Y - L2[I] Q1 - L1[W] R11 - L0[O] M3 ,None
3.903560,0.065476,9583200,411.494589,3.943435e+03,1.928614,105415200,105415200,44,139.065777,757763,0,0,44,479160,206003,72600,L5[WIO] Q55 M2 C3 - L4[IO] M8 P55 - L3[] Q1 S11Y - L2[I] Q1 - L1[W] R11 - L0[O] M6 ,None
35.239438,0.130952,4791600,3714.772450,1.779970e+04,1.928614,105415200,105415200,264,3.972155,26529402,0,0,264,26353800,103002,72600,L5[WIO] Q55 M2 - L4[IO] P55 C3 M2X - L3[] Q1 S11Y - L2[I] Q1 - L1[W] R11 - L0[O] M24 ,None
3.595769,0.785714,798600,379.048706,3.027083e+02,1.928614,105415200,105415200,264,160.942297,654762,0,0,264,479160,103002,72600,L5[WIO] Q55 M2 - L4[IO] M4 P55 M12X - L3[] Q1 S11Y - L2[I] Q1 - L1[W] R11 C3 - L0[O] Q1 ,None
3.839026,0.130952,4791600,404.691668,1.939121e+03,1.928614,105415200,105415200,44,139.065777,757763,0,0,44,479160,206003,72600,L5[WIO] Q55 M2 C3 - L4[IO] M6 P55 M2X - L3[] Q1 S11Y - L2[I] Q1 - L1[W] R11 - L0[O] M4 ,None
35.517128,0.196429,3194400,3744.045183,1.195998e+04,1.928614,105415200,105415200,66,3.972155,26529402,0,0,66,26353800,103002,72600,L5[WIO] Q55 M2 - L4[IO] M4 P55 C3 M3X - L3[] Q1 S11Y - L2[I] Q1 - L1[W] R11 - L0[O] M4 ,None
3.486812,0.065476,9583200,367.562969,3.522429e+03,1.928614,105415200,105415200,66,178.485181,590407,0,0,66,479160,38647,72600,L5[WIO] Q55 - L4[IO] M8 P55 - L3[] Q1 S11Y - L2[I] Q1 - L1[W] R11 C3 - L0[O] M12 ,None
35.340207,0.392857,1597200,3725.394994,5.950201e+03,1.928614,105415200,105415200,132,3.972155,26529402,0,0,132,26353800,103002,72600,L5[WIO] Q55 M2 - L4[IO] M2 P55 C3 M6X - L3[] Q1 S11Y - L2[I] Q1 - L1[W] R11 - L0[O] M4 ,None
3.673071,0.785714,798600,387.197522,3.092159e+02,1.928614,105415200,105415200,264,139.065777,757763,0,0,264,479160,206003,72600,L5[WIO] Q55 M2 C3 - L4[IO] P55 M12X - L3[] Q1 S11Y - L2[I] Q1 - L1[W] R11 - L0[O] M4 ,None
3.562554,0.261905,2395800,375.547293,8.997362e+02,1.928614,105415200,105415200,176,160.942297,654762,0,0,176,479160,103002,72600,L5[WIO] Q55 C3 - L4[IO] M4 P55 M4X - L3[] Q1 S11Y - L2[I] Q1 - L1[W] R11 - L0[O] M6 ,None
36.136175,0.065476,9583200,3809.302167,3.650530e+04,1.928614,105415200,105415200,22,3.981814,26465047,0,0,22,26353800,38647,72600,L5[WIO] Q55 - L4[IO] M24 P55 C3 - L3[] Q1 S11Y - L2[I] Q1 - L1[W] R11 - L0[O] M4 ,None
3.580991,0.261905,2395800,377.490866,9.043926e+02,1.928614,105415200,105415200,88,160.942297,654762,0,0,88,479160,103002,72600,L5[WIO] Q55 M2 - L4[IO] M4 P55 M4X - L3[] Q1 S11Y - L2[I] Q1 - L1[W] R11 C3 - L0[O] M3 ,None
3.541796,0.065476,9583200,373.359135,3.577975e+03,1.928614,105415200,105415200,88,160.942297,654762,0,0,88,479160,103002,72600,L5[WIO] Q55 M3 - L4[IO] M2 P55 - L3[] Q1 S11Y - L2[I] Q1 - L1[W] R11 C3 - L0[O] M16 ,None
3.573514,0.523810,1197900,376.702651,4.512521e+02,1.928614,105415200,105415200,176,178.485181,590407,0,0,176,479160,38647,72600,L5[WIO] Q55 - L4[IO] M12 P55 M8X - L3[] Q1 S11Y - L2[I] Q1 - L1[W] R11 C3 - L0[O] Q1 ,None
3.651067,0.261905,2395800,384.877977,9.220907e+02,1.928614,105415200,105415200,88,160.942297,654762,0,0,88,479160,103002,72600,L5[WIO] Q55 M2 - L4[IO] M6 P55 M4X - L3[] Q1 S11Y - L2[I] Q1 - L1[W] R11 C3 - L0[O] M2 ,None
35.875894,0.130952,4791600,3781.864489,1.812118e+04,1.928614,105415200,105415200,44,3.972155,26529402,0,0,44,26353800,103002,72600,L5[WIO] Q55 M2 - L4[IO] M8 P55 C3 M2X - L3[] Q1 S11Y - L2[I] Q1 - L1[W] R11 - L0[O] M3 ,None
3.877158,0.065476,9583200,408.711360,3.916763e+03,1.928614,105415200,105415200,88,122.424846,860764,0,0,88,479160,309004,72600,L5[WIO] Q55 M3 C3 - L4[IO] M2 P55 - L3[] Q1 S11Y - L2[I] Q1 - L1[W] R11 - L0[O] M16 ,None
35.251747,0.785714,798600,3716.069949,2.967653e+03,1.928614,105415200,105415200,264,3.972155,26529402,0,0,264,26353800,103002,72600,L5[WIO] Q55 M2 - L4[IO] P55 C3 M12X - L3[] Q1 S11Y - L2[I] Q1 - L1[W] R11 - L0[O] M4 ,None
3.910949,0.196429,3194400,412.273510,1.316966e+03,1.928614,105415200,105415200,66,139.065777,757763,0,0,66,479160,206003,72600,L5[WIO] Q55 M2 C3 - L4[IO] M8 P55 M3X - L3[] Q1 S11Y - L2[I] Q1 - L1[W] R11 - L0[O] M2 ,None
35.417591,0.065476,9583200,3733.552387,3.577938e+04,1.928614,105415200,105415200,88,3.972155,26529402,0,0,88,26353800,103002,72600,L5[WIO] Q55 M2 - L4[IO] M3 P55 C3 - L3[] Q1 S11Y - L2[I] Q1 - L1[W] R11 - L0[O] M16 ,None
3.492010,0.130952,4791600,368.110882,1.763840e+03,1.928614,105415200,105415200,176,160.942297,654762,0,0,176,479160,103002,72600,L5[WIO] Q55 M3 - L4[IO] P55 M2X - L3[] Q1 S11Y - L2[I] Q1 - L1[W] R11 C3 - L0[O] M16 ,None
4.172783,0.065476,9583200,439.874722,4.215407e+03,1.928614,105415200,105415200,22,139.065777,757763,0,0,22,479160,206003,72600,L5[WIO] Q55 M2 C3 - L4[IO] M16 P55 - L3[] Q1 S11Y - L2[I] Q1 - L1[W] R11 - L0[O] M3 ,None
35.708820,0.261905,2395800,3764.252355,9.018396e+03,1.928614,105415200,105415200,88,3.972155,26529402,0,0,88,26353800,103002,72600,L5[WIO] Q55 M2 - L4[IO] M6 P55 C3 M4X - L3[] Q1 S11Y - L2[I] Q1 - L1[W] R11 - L0[O] M2 ,None
3.488659,0.130952,4791600,367.757699,1.762148e+03,1.928614,105415200,105415200,88,178.485181,590407,0,0,88,479160,38647,72600,L5[WIO] Q55 - L4[IO] M8 P55 M2X - L3[] Q1 S11Y - L2[I] Q1 - L1[W] R11 C3 - L0[O] M6 ,None
35.522052,0.261905,2395800,3744.564178,8.971227e+03,1.928614,105415200,105415200,88,3.972155,26529402,0,0,88,26353800,103002,72600,L5[WIO] Q55 M2 - L4[IO] M4 P55 C3 M4X - L3[] Q1 S11Y - L2[I] Q1 - L1[W] R11 - L0[O] M3 ,None
3.789269,0.785714,798600,399.446588,3.189980e+02,1.928614,105415200,105415200,264,139.065777,757763,0,0,264,479160,206003,72600,L5[WIO] Q55 M2 C3 - L4[IO] M4 P55 M12X - L3[] Q1 S11Y - L2[I] Q1 - L1[W] R11 - L0[O] Q1 ,None
3.896310,0.065476,9583200,410.730346,3.936111e+03,1.928614,105415200,105415200,22,160.942297,654762,0,0,22,479160,103002,72600,L5[WIO] Q55 C3 - L4[IO] M24 P55 - L3[] Q1 S11Y - L2[I] Q1 - L1[W] R11 - L0[O] M4 ,None
3.713790,0.523810,1197900,391.489895,4.689657e+02,1.928614,105415200,105415200,176,160.942297,654762,0,0,176,479160,103002,72600,L5[WIO] Q55 C3 - L4[IO] M12 P55 M8X - L3[] Q1 S11Y - L2[I] Q1 - L1[W] R11 - L0[O] Q1 ,None
35.328953,0.065476,9583200,3724.208681,3.568984e+04,1.928614,105415200,105415200,88,3.981814,26465047,0,0,88,26353800,38647,72600,L5[WIO] Q55 - L4[IO] M6 P55 C3 - L3[] Q1 S11Y - L2[I] Q1 - L1[W] R11 - L0[O] M16 ,None
3.645525,0.130952,4791600,384.293787,1.841382e+03,1.928614,105415200,105415200,44,160.942297,654762,0,0,44,479160,103002,72600,L5[WIO] Q55 M2 - L4[IO] M6 P55 M2X - L3[] Q1 S11Y - L2[I] Q1 - L1[W] R11 C3 - L0[O] M4 ,None
3.584685,0.392857,1597200,377.880326,6.035505e+02,1.928614,105415200,105415200,132,160.942297,654762,0,0,132,479160,103002,72600,L5[WIO] Q55 M4 - L4[IO] M2 P55 M6X - L3[] Q1 S11Y - L2[I] Q1 - L1[W] R11 C3 - L0[O] M2 ,None
3.474952,0.130952,4791600,366.312802,1.755224e+03,1.928614,105415200,105415200,264,160.942297,654762,0,0,264,479160,103002,72600,L5[WIO] Q55 M2 - L4[IO] P55 M2X - L3[] Q1 S11Y - L2[I] Q1 - L1[W] R11 C3 - L0[O] M24 ,None
3.710060,0.065476,9583200,391.096707,3.747958e+03,1.928614,105415200,105415200,44,160.942297,654762,0,0,44,479160,103002,72600,L5[WIO] Q55 M2 - L4[IO] M8 P55 - L3[] Q1 S11Y - L2[I] Q1 - L1[W] R11 C3 - L0[O] M6 ,None
35.417591,0.065476,9583200,3733.552387,3.577938e+04,1.928614,105415200,105415200,88,3.972155,26529402,0,0,88,26353800,103002,72600,L5[WIO] Q55 M3 - L4[IO] M2 P55 C3 - L3[] Q1 S11Y - L2[I] Q1 - L1[W] R11 - L0[O] M16 ,None
4.061914,0.392857,1597200,428.187475,6.839010e+02,1.928614,105415200,105415200,132,109.340866,963765,0,0,132,479160,412005,72600,L5[WIO] Q55 M4 C3 - L4[IO] M2 P55 M6X - L3[] Q1 S11Y - L2[I] Q1 - L1[W] R11 - L0[O] M2 ,None
35.561438,0.785714,798600,3748.716131,2.993725e+03,1.928614,105415200,105415200,264,3.972155,26529402,0,0,264,26353800,103002,72600,L5[WIO] Q55 M2 - L4[IO] M4 P55 C3 M12X - L3[] Q1 S11Y - L2[I] Q1 - L1[W] R11 - L0[O] Q1 ,None
11.775372,0.065476,9583200,1241.303177,1.189566e+04,1.928614,105415200,105415200,22,19.174373,5495820,0,0,22,479160,4944060,72600,L5[WIO] Q55 M48 C3 - L4[IO] M2 P55 - L3[] Q1 S11Y - L2[I] Q1 - L1[W] R11 - L0[O] Q1 ,None
35.531898,0.392857,1597200,3745.602166,5.982476e+03,1.928614,105415200,105415200,132,3.972155,26529402,0,0,132,26353800,103002,72600,L5[WIO] Q55 M2 - L4[IO] M4 P55 C3 M6X - L3[] Q1 S11Y - L2[I] Q1 - L1[W] R11 - L0[O] M2 ,None
3.493395,0.261905,2395800,368.256933,8.822700e+02,1.928614,105415200,105415200,176,160.942297,654762,0,0,176,479160,103002,72600,L5[WIO] Q55 M3 - L4[IO] P55 M4X - L3[] Q1 S11Y - L2[I] Q1 - L1[W] R11 C3 - L0[O] M8 ,None
4.038172,0.065476,9583200,425.684690,4.079422e+03,1.928614,105415200,105415200,22,139.065777,757763,0,0,22,479160,206003,72600,L5[WIO] Q55 M2 C3 - L4[IO] M12 P55 - L3[] Q1 S11Y - L2[I] Q1 - L1[W] R11 - L0[O] M4 ,None
35.866047,0.065476,9583200,3780.826500,3.623242e+04,1.928614,105415200,105415200,44,3.972155,26529402,0,0,44,26353800,103002,72600,L5[WIO] Q55 M2 - L4[IO] M8 P55 C3 - L3[] Q1 S11Y - L2[I] Q1 - L1[W] R11 - L0[O] M6 ,None
3.554117,0.065476,9583200,374.657985,3.590422e+03,1.928614,105415200,105415200,44,178.485181,590407,0,0,44,479160,38647,72600,L5[WIO] Q55 - L4[IO] M12 P55 - L3[] Q1 S11Y - L2[I] Q1 - L1[W] R11 C3 - L0[O] M8 ,None
35.694050,0.130952,4791600,3762.695373,1.802933e+04,1.928614,105415200,105415200,44,3.972155,26529402,0,0,44,26353800,103002,72600,L5[WIO] Q55 M2 - L4[IO] M6 P55 C3 M2X - L3[] Q1 S11Y - L2[I] Q1 - L1[W] R11 - L0[O] M4 ,None
3.826679,0.065476,9583200,403.390082,3.865768e+03,1.928614,105415200,105415200,176,122.424846,860764,0,0,176,479160,309004,72600,L5[WIO] Q55 M3 C3 - L4[IO] P55 - L3[] Q1 S11Y - L2[I] Q1 - L1[W] R11 - L0[O] M32 ,None
3.593435,0.065476,9583200,378.802673,3.630142e+03,1.928614,105415200,105415200,88,160.942297,654762,0,0,88,479160,103002,72600,L5[WIO] Q55 C3 - L4[IO] M6 P55 - L3[] Q1 S11Y - L2[I] Q1 - L1[W] R11 - L0[O] M16 ,None
3.668453,0.130952,4791600,386.710684,1.852963e+03,1.928614,105415200,105415200,264,139.065777,757763,0,0,264,479160,206003,72600,L5[WIO] Q55 M2 C3 - L4[IO] P55 M2X - L3[] Q1 S11Y - L2[I] Q1 - L1[W] R11 - L0[O] M24 ,None
35.418644,0.065476,9583200,3733.663489,3.578044e+04,1.928614,105415200,105415200,66,3.981814,26465047,0,0,66,26353800,38647,72600,L5[WIO] Q55 - L4[IO] M8 P55 C3 - L3[] Q1 S11Y - L2[I] Q1 - L1[W] R11 - L0[O] M12 ,None
3.979282,0.065476,9583200,419.476840,4.019930e+03,1.928614,105415200,105415200,22,160.942297,654762,0,0,22,479160,103002,72600,L5[WIO] Q55 M2 - L4[IO] M16 P55 - L3[] Q1 S11Y - L2[I] Q1 - L1[W] R11 C3 - L0[O] M3 ,None
3.662151,0.523810,1197900,386.046357,4.624449e+02,1.928614,105415200,105415200,176,160.942297,654762,0,0,176,479160,103002,72600,L5[WIO] Q55 M4 - L4[IO] M3 P55 M8X - L3[] Q1 S11Y - L2[I] Q1 - L1[W] R11 C3 - L0[O] Q1 ,None
3.541796,0.065476,9583200,373.359135,3.577975e+03,1.928614,105415200,105415200,88,160.942297,654762,0,0,88,479160,103002,72600,L5[WIO] Q55 M2 - L4[IO] M3 P55 - L3[] Q1 S11Y - L2[I] Q1 - L1[W] R11 C3 - L0[O] M16 ,None
3.717449,0.196429,3194400,391.875628,1.251808e+03,1.928614,105415200,105415200,66,160.942297,654762,0,0,66,479160,103002,72600,L5[WIO] Q55 M2 - L4[IO] M8 P55 M3X - L3[] Q1 S11Y - L2[I] Q1 - L1[W] R11 C3 - L0[O] M2 ,None
3.584685,0.392857,1597200,377.880326,6.035505e+02,1.928614,105415200,105415200,132,160.942297,654762,0,0,132,479160,103002,72600,L5[WIO] Q55 M2 - L4[IO] M4 P55 M6X - L3[] Q1 S11Y - L2[I] Q1 - L1[W] R11 C3 - L0[O] M2 ,None
4.139379,0.523810,1197900,436.353506,5.227079e+02,1.928614,105415200,105415200,176,109.340866,963765,0,0,176,479160,412005,72600,L5[WIO] Q55 M4 C3 - L4[IO] M3 P55 M8X - L3[] Q1 S11Y - L2[I] Q1 - L1[W] R11 - L0[O] Q1 ,None
35.283053,0.065476,9583200,3719.370138,3.564347e+04,1.928614,105415200,105415200,176,3.972155,26529402,0,0,176,26353800,103002,72600,L5[WIO] Q55 M3 - L4[IO] P55 C3 - L3[] Q1 S11Y - L2[I] Q1 - L1[W] R11 - L0[O] M32 ,None
3.980887,0.130952,4791600,419.646012,2.010776e+03,1.928614,105415200,105415200,44,122.424846,860764,0,0,44,479160,309004,72600,L5[WIO] Q55 M3 C3 - L4[IO] M4 P55 M2X - L3[] Q1 S11Y - L2[I] Q1 - L1[W] R11 - L0[O] M4 ,None
35.686665,0.065476,9583200,3761.916882,3.605120e+04,1.928614,105415200,105415200,44,3.972155,26529402,0,0,44,26353800,103002,72600,L5[WIO] Q55 M2 - L4[IO] M6 P55 C3 - L3[] Q1 S11Y - L2[I] Q1 - L1[W] R11 - L0[O] M8 ,None
3.496166,0.523810,1197900,368.549036,4.414849e+02,1.928614,105415200,105415200,176,160.942297,654762,0,0,176,479160,103002,72600,L5[WIO] Q55 M3 - L4[IO] P55 M8X - L3[] Q1 S11Y - L2[I] Q1 - L1[W] R11 C3 - L0[O] M4 ,None
10.967705,0.065476,9583200,1156.162781,1.107974e+04,1.928614,105415200,105415200,22,19.174373,5495820,0,0,22,479160,4944060,72600,L5[WIO] Q55 M48 C3 - L4[IO] P55 - L3[] Q1 S11Y - L2[I] Q1 - L1[W] R11 - L0[O] M2 ,None
3.475414,0.196429,3194400,366.361486,1.170305e+03,1.928614,105415200,105415200,264,160.942297,654762,0,0,264,479160,103002,72600,L5[WIO] Q55 M2 - L4[IO] P55 M3X - L3[] Q1 S11Y - L2[I] Q1 - L1[W] R11 C3 - L0[O] M16 ,None
35.885740,0.196429,3194400,3782.902477,1.208410e+04,1.928614,105415200,105415200,66,3.972155,26529402,0,0,66,26353800,103002,72600,L5[WIO] Q55 M2 - L4[IO] M8 P55 C3 M3X - L3[] Q1 S11Y - L2[I] Q1 - L1[W] R11 - L0[O] M2 ,None
36.583578,0.065476,9583200,3856.465179,3.695728e+04,1.928614,105415200,105415200,22,3.972155,26529402,0,0,22,26353800,103002,72600,L5[WIO] Q55 M2 - L4[IO] M16 P55 C3 - L3[] Q1 S11Y - L2[I] Q1 - L1[W] R11 - L0[O] M3 ,None
3.827371,0.130952,4791600,403.463107,1.933234e+03,1.928614,105415200,105415200,176,122.424846,860764,0,0,176,479160,309004,72600,L5[WIO] Q55 M3 C3 - L4[IO] P55 M2X - L3[] Q1 S11Y - L2[I] Q1 - L1[W] R11 - L0[O] M16 ,None
3.627088,0.065476,9583200,382.350214,3.664139e+03,1.928614,105415200,105415200,66,160.942297,654762,0,0,66,479160,103002,72600,L5[WIO] Q55 C3 - L4[IO] M8 P55 - L3[] Q1 S11Y - L2[I] Q1 - L1[W] R11 - L0[O] M12 ,None
3.735296,0.065476,9583200,393.757017,3.773452e+03,1.928614,105415200,105415200,88,139.065777,757763,0,0,88,479160,206003,72600,L5[WIO] Q55 M2 C3 - L4[IO] M3 P55 - L3[] Q1 S11Y - L2[I] Q1 - L1[W] R11 - L0[O] M16 ,None
35.423568,0.130952,4791600,3734.182483,1.789271e+04,1.928614,105415200,105415200,88,3.981814,26465047,0,0,88,26353800,38647,72600,L5[WIO] Q55 - L4[IO] M8 P55 C3 M2X - L3[] Q1 S11Y - L2[I] Q1 - L1[W] R11 - L0[O] M6 ,None
3.844671,0.065476,9583200,405.286808,3.883945e+03,1.928614,105415200,105415200,22,160.942297,654762,0,0,22,479160,103002,72600,L5[WIO] Q55 M2 - L4[IO] M12 P55 - L3[] Q1 S11Y - L2[I] Q1 - L1[W] R11 C3 - L0[O] M4 ,None
3.545952,0.261905,2395800,373.797281,8.955435e+02,1.928614,105415200,105415200,88,160.942297,654762,0,0,88,479160,103002,72600,L5[WIO] Q55 M6 - L4[IO] P55 M4X - L3[] Q1 S11Y - L2[I] Q1 - L1[W] R11 C3 - L0[O] M4 ,None
35.531898,0.392857,1597200,3745.602166,5.982476e+03,1.928614,105415200,105415200,132,3.972155,26529402,0,0,132,26353800,103002,72600,L5[WIO] Q55 M4 - L4[IO] M2 P55 C3 M6X - L3[] Q1 S11Y - L2[I] Q1 - L1[W] R11 - L0[O] M2 ,None
5.056172,0.065476,9583200,532.997368,5.107820e+03,1.928614,105415200,105415200,22,160.942297,654762,0,0,22,479160,103002,72600,L5[WIO] Q55 M48 - L4[IO] M2 P55 - L3[] Q1 S11Y - L2[I] Q1 - L1[W] R11 C3 - L0[O] Q1 ,None
3.642754,0.065476,9583200,384.001691,3.679965e+03,1.928614,105415200,105415200,44,160.942297,654762,0,0,44,479160,103002,72600,L5[WIO] Q55 M2 - L4[IO] M6 P55 - L3[] Q1 S11Y - L2[I] Q1 - L1[W] R11 C3 - L0[O] M8 ,None
3.645525,0.130952,4791600,384.293787,1.841382e+03,1.928614,105415200,105415200,44,160.942297,654762,0,0,44,479160,103002,72600,L5[WIO] Q55 M3 - L4[IO] M4 P55 M2X - L3[] Q1 S11Y - L2[I] Q1 - L1[W] R11 C3 - L0[O] M4 ,None
35.284900,0.130952,4791600,3719.564762,1.782267e+04,1.928614,105415200,105415200,176,3.972155,26529402,0,0,176,26353800,103002,72600,L5[WIO] Q55 M3 - L4[IO] P55 C3 M2X - L3[] Q1 S11Y - L2[I] Q1 - L1[W] R11 - L0[O] M16 ,None
4.185575,0.130952,4791600,441.223223,2.114165e+03,1.928614,105415200,105415200,44,122.424846,860764,0,0,44,479160,309004,72600,L5[WIO] Q55 M3 C3 - L4[IO] M8 P55 M2X - L3[] Q1 S11Y - L2[I] Q1 - L1[W] R11 - L0[O] M2 ,None
5.056172,0.065476,9583200,532.997368,5.107820e+03,1.928614,105415200,105415200,22,160.942297,654762,0,0,22,479160,103002,72600,L5[WIO] Q55 M3 - L4[IO] M32 P55 - L3[] Q1 S11Y - L2[I] Q1 - L1[W] R11 C3 - L0[O] Q1 ,None
36.622965,0.196429,3194400,3860.617132,1.233236e+04,1.928614,105415200,105415200,66,3.972155,26529402,0,0,66,26353800,103002,72600,L5[WIO] Q55 M2 - L4[IO] M16 P55 C3 M3X - L3[] Q1 S11Y - L2[I] Q1 - L1[W] R11 - L0[O] Q1 ,None
3.878543,0.130952,4791600,408.857409,1.959081e+03,1.928614,105415200,105415200,88,122.424846,860764,0,0,88,479160,309004,72600,L5[WIO] Q55 M3 C3 - L4[IO] M2 P55 M2X - L3[] Q1 S11Y - L2[I] Q1 - L1[W] R11 - L0[O] M8 ,None
3.518304,0.785714,798600,370.882675,2.961869e+02,1.928614,105415200,105415200,264,160.942297,654762,0,0,264,479160,103002,72600,L5[WIO] Q55 M2 - L4[IO] M2 P55 M12X - L3[] Q1 S11Y - L2[I] Q1 - L1[W] R11 C3 - L0[O] M2 ,None
39.453702,0.065476,9583200,4159.019892,3.985672e+04,1.928614,105415200,105415200,22,3.972155,26529402,0,0,22,26353800,103002,72600,L5[WIO] Q55 M48 - L4[IO] M2 P55 C3 - L3[] Q1 S11Y - L2[I] Q1 - L1[W] R11 - L0[O] Q1 ,None
36.224813,0.065476,9583200,3818.645873,3.659485e+04,1.928614,105415200,105415200,22,3.972155,26529402,0,0,22,26353800,103002,72600,L5[WIO] Q55 M2 - L4[IO] M12 P55 C3 - L3[] Q1 S11Y - L2[I] Q1 - L1[W] R11 - L0[O] M4 ,None
3.828757,0.261905,2395800,403.609159,9.669668e+02,1.928614,105415200,105415200,176,122.424846,860764,0,0,176,479160,309004,72600,L5[WIO] Q55 M3 C3 - L4[IO] P55 M4X - L3[] Q1 S11Y - L2[I] Q1 - L1[W] R11 - L0[O] M8 ,None
3.628935,0.130952,4791600,382.544944,1.833002e+03,1.928614,105415200,105415200,88,160.942297,654762,0,0,88,479160,103002,72600,L5[WIO] Q55 C3 - L4[IO] M8 P55 M2X - L3[] Q1 S11Y - L2[I] Q1 - L1[W] R11 - L0[O] M6 ,None
3.778186,0.392857,1597200,398.278208,6.361300e+02,1.928614,105415200,105415200,132,139.065777,757763,0,0,132,479160,206003,72600,L5[WIO] Q55 M2 C3 - L4[IO] M4 P55 M6X - L3[] Q1 S11Y - L2[I] Q1 - L1[W] R11 - L0[O] M2 ,None
35.598027,0.065476,9583200,3752.573176,3.596166e+04,1.928614,105415200,105415200,44,3.981814,26465047,0,0,44,26353800,38647,72600,L5[WIO] Q55 - L4[IO] M12 P55 C3 - L3[] Q1 S11Y - L2[I] Q1 - L1[W] R11 - L0[O] M8 ,None
4.248505,0.065476,9583200,447.856972,4.291903e+03,1.928614,105415200,105415200,22,160.942297,654762,0,0,22,479160,103002,72600,L5[WIO] Q55 M48 - L4[IO] P55 - L3[] Q1 S11Y - L2[I] Q1 - L1[W] R11 C3 - L0[O] M2 ,None
3.836255,0.065476,9583200,404.399573,3.875442e+03,1.928614,105415200,105415200,44,139.065777,757763,0,0,44,479160,206003,72600,L5[WIO] Q55 M2 C3 - L4[IO] M6 P55 - L3[] Q1 S11Y - L2[I] Q1 - L1[W] R11 - L0[O] M8 ,None
35.738360,0.523810,1197900,3767.366320,4.512928e+03,1.928614,105415200,105415200,176,3.972155,26529402,0,0,176,26353800,103002,72600,L5[WIO] Q55 M4 - L4[IO] M3 P55 C3 M8X - L3[] Q1 S11Y - L2[I] Q1 - L1[W] R11 - L0[O] Q1 ,None
4.306904,0.261905,2395800,454.013117,1.087725e+03,1.928614,105415200,105415200,88,90.085299,1169768,0,0,88,479160,618008,72600,L5[WIO] Q55 M6 C3 - L4[IO] P55 M4X - L3[] Q1 S11Y - L2[I] Q1 - L1[W] R11 - L0[O] M4 ,None
3.994060,0.196429,3194400,421.034680,1.344953e+03,1.928614,105415200,105415200,66,160.942297,654762,0,0,66,479160,103002,72600,L5[WIO] Q55 M2 - L4[IO] M16 P55 M3X - L3[] Q1 S11Y - L2[I] Q1 - L1[W] R11 C3 - L0[O] Q1 ,None
35.288592,0.261905,2395800,3719.954009,8.912266e+03,1.928614,105415200,105415200,176,3.972155,26529402,0,0,176,26353800,103002,72600,L5[WIO] Q55 M3 - L4[IO] P55 C3 M4X - L3[] Q1 S11Y - L2[I] Q1 - L1[W] R11 - L0[O] M8 ,None
3.850213,0.130952,4791600,405.870998,1.944771e+03,1.928614,105415200,105415200,44,160.942297,654762,0,0,44,479160,103002,72600,L5[WIO] Q55 M3 - L4[IO] M8 P55 M2X - L3[] Q1 S11Y - L2[I] Q1 - L1[W] R11 C3 - L0[O] M2 ,None
9.505563,0.065476,9583200,1002.030779,9.602661e+03,1.928614,105415200,105415200,22,27.386792,3847800,0,0,22,479160,3296040,72600,L5[WIO] Q55 M32 C3 - L4[IO] M3 P55 - L3[] Q1 S11Y - L2[I] Q1 - L1[W] R11 - L0[O] Q1 ,None
3.508144,0.065476,9583200,369.811659,3.543979e+03,1.928614,105415200,105415200,132,160.942297,654762,0,0,132,479160,103002,72600,L5[WIO] Q55 M4 - L4[IO] P55 - L3[] Q1 S11Y - L2[I] Q1 - L1[W] R11 C3 - L0[O] M24 ,None
3.986429,0.261905,2395800,420.230202,1.006788e+03,1.928614,105415200,105415200,88,122.424846,860764,0,0,88,479160,309004,72600,L5[WIO] Q55 M3 C3 - L4[IO] M4 P55 M4X - L3[] Q1 S11Y - L2[I] Q1 - L1[W] R11 - L0[O] M2 ,None
3.545952,0.261905,2395800,373.797281,8.955435e+02,1.928614,105415200,105415200,88,160.942297,654762,0,0,88,479160,103002,72600,L5[WIO] Q55 M2 - L4[IO] M3 P55 M4X - L3[] Q1 S11Y - L2[I] Q1 - L1[W] R11 C3 - L0[O] M4 ,None
35.694050,0.130952,4791600,3762.695373,1.802933e+04,1.928614,105415200,105415200,44,3.972155,26529402,0,0,44,26353800,103002,72600,L5[WIO] Q55 M3 - L4[IO] M4 P55 C3 M2X - L3[] Q1 S11Y - L2[I] Q1 - L1[W] R11 - L0[O] M4 ,None
37.301109,0.065476,9583200,3932.103857,3.768214e+04,1.928614,105415200,105415200,22,3.972155,26529402,0,0,22,26353800,103002,72600,L5[WIO] Q55 M48 - L4[IO] P55 C3 - L3[] Q1 S11Y - L2[I] Q1 - L1[W] R11 - L0[O] M2 ,None
3.694394,0.065476,9583200,389.445230,3.732132e+03,1.928614,105415200,105415200,44,160.942297,654762,0,0,44,479160,103002,72600,L5[WIO] Q55 C3 - L4[IO] M12 P55 - L3[] Q1 S11Y - L2[I] Q1 - L1[W] R11 - L0[O] M8 ,None
3.831528,0.523810,1197900,403.901262,4.838333e+02,1.928614,105415200,105415200,176,122.424846,860764,0,0,176,479160,309004,72600,L5[WIO] Q55 M3 C3 - L4[IO] P55 M8X - L3[] Q1 S11Y - L2[I] Q1 - L1[W] R11 - L0[O] M4 ,None
3.642754,0.065476,9583200,384.001691,3.679965e+03,1.928614,105415200,105415200,44,160.942297,654762,0,0,44,479160,103002,72600,L5[WIO] Q55 M6 - L4[IO] M2 P55 - L3[] Q1 S11Y - L2[I] Q1 - L1[W] R11 C3 - L0[O] M8 ,None
35.240669,0.196429,3194400,3714.902200,1.186688e+04,1.928614,105415200,105415200,264,3.972155,26529402,0,0,264,26353800,103002,72600,L5[WIO] Q55 M2 - L4[IO] P55 C3 M3X - L3[] Q1 S11Y - L2[I] Q1 - L1[W] R11 - L0[O] M16 ,None
3.543181,0.130952,4791600,373.505184,1.789687e+03,1.928614,105415200,105415200,88,160.942297,654762,0,0,88,479160,103002,72600,L5[WIO] Q55 M3 - L4[IO] M2 P55 M2X - L3[] Q1 S11Y - L2[I] Q1 - L1[W] R11 C3 - L0[O] M8 ,None
35.428668,0.261905,2395800,3734.720128,8.947642e+03,1.928614,105415200,105415200,88,3.972155,26529402,0,0,88,26353800,103002,72600,L5[WIO] Q55 M6 - L4[IO] P55 C3 M4X - L3[] Q1 S11Y - L2[I] Q1 - L1[W] R11 - L0[O] M4 ,None
4.187561,0.196429,3194400,441.432562,1.410112e+03,1.928614,105415200,105415200,66,139.065777,757763,0,0,66,479160,206003,72600,L5[WIO] Q55 M2 C3 - L4[IO] M16 P55 M3X - L3[] Q1 S11Y - L2[I] Q1 - L1[W] R11 - L0[O] Q1 ,None
4.403706,0.065476,9583200,464.217528,4.448689e+03,1.928614,105415200,105415200,44,90.085299,1169768,0,0,44,479160,618008,72600,L5[WIO] Q55 M6 C3 - L4[IO] M2 P55 - L3[] Q1 S11Y - L2[I] Q1 - L1[W] R11 - L0[O] M8 ,None
5.056172,0.065476,9583200,532.997368,5.107820e+03,1.928614,105415200,105415200,22,160.942297,654762,0,0,22,479160,103002,72600,L5[WIO] Q55 M32 - L4[IO] M3 P55 - L3[] Q1 S11Y - L2[I] Q1 - L1[W] R11 C3 - L0[O] Q1 ,None
35.295977,0.523810,1197900,3720.732503,4.457065e+03,1.928614,105415200,105415200,176,3.972155,26529402,0,0,176,26353800,103002,72600,L5[WIO] Q55 M3 - L4[IO] P55 C3 M8X - L3[] Q1 S11Y - L2[I] Q1 - L1[W] R11 - L0[O] M4 ,None
3.510915,0.261905,2395800,370.103754,8.866946e+02,1.928614,105415200,105415200,176,160.942297,654762,0,0,176,479160,103002,72600,L5[WIO] Q55 M4 - L4[IO] P55 M4X - L3[] Q1 S11Y - L2[I] Q1 - L1[W] R11 C3 - L0[O] M6 ,None
3.989990,0.392857,1597200,420.605634,6.717913e+02,1.928614,105415200,105415200,132,109.340866,963765,0,0,132,479160,412005,72600,L5[WIO] Q55 M4 C3 - L4[IO] P55 M6X - L3[] Q1 S11Y - L2[I] Q1 - L1[W] R11 - L0[O] M4 ,None
35.443438,0.523810,1197900,3736.277116,4.475686e+03,1.928614,105415200,105415200,176,3.972155,26529402,0,0,176,26353800,103002,72600,L5[WIO] Q55 M3 - L4[IO] M2 P55 C3 M8X - L3[] Q1 S11Y - L2[I] Q1 - L1[W] R11 - L0[O] M2 ,None
4.180033,0.065476,9583200,440.639033,4.222732e+03,1.928614,105415200,105415200,22,122.424846,860764,0,0,22,479160,309004,72600,L5[WIO] Q55 M3 C3 - L4[IO] M8 P55 - L3[] Q1 S11Y - L2[I] Q1 - L1[W] R11 - L0[O] M4 ,None
3.575449,0.065476,9583200,376.906675,3.611972e+03,1.928614,105415200,105415200,66,160.942297,654762,0,0,66,479160,103002,72600,L5[WIO] Q55 M2 - L4[IO] M4 P55 - L3[] Q1 S11Y - L2[I] Q1 - L1[W] R11 C3 - L0[O] M12 ,None
35.421283,0.130952,4791600,3733.941634,1.789155e+04,1.928614,105415200,105415200,88,3.972155,26529402,0,0,88,26353800,103002,72600,L5[WIO] Q55 M3 - L4[IO] M2 P55 C3 M2X - L3[] Q1 S11Y - L2[I] Q1 - L1[W] R11 - L0[O] M8 ,None
36.239583,0.130952,4791600,3820.202856,1.830488e+04,1.928614,105415200,105415200,44,3.972155,26529402,0,0,44,26353800,103002,72600,L5[WIO] Q55 M3 - L4[IO] M8 P55 C3 M2X - L3[] Q1 S11Y - L2[I] Q1 - L1[W] R11 - L0[O] M2 ,None
5.391534,0.065476,9583200,568.349594,5.446608e+03,1.928614,105415200,105415200,22,122.424846,860764,0,0,22,479160,309004,72600,L5[WIO] Q55 M3 C3 - L4[IO] M32 P55 - L3[] Q1 S11Y - L2[I] Q1 - L1[W] R11 - L0[O] Q1 ,None
3.668915,0.196429,3194400,386.759368,1.235464e+03,1.928614,105415200,105415200,264,139.065777,757763,0,0,264,479160,206003,72600,L5[WIO] Q55 M2 C3 - L4[IO] P55 M3X - L3[] Q1 S11Y - L2[I] Q1 - L1[W] R11 - L0[O] M16 ,None
3.713754,0.130952,4791600,391.486168,1.875845e+03,1.928614,105415200,105415200,44,160.942297,654762,0,0,44,479160,103002,72600,L5[WIO] Q55 M16 - L4[IO] P55 M2X - L3[] Q1 S11Y - L2[I] Q1 - L1[W] R11 C3 - L0[O] M3 ,None
35.354977,0.785714,798600,3726.951976,2.976344e+03,1.928614,105415200,105415200,264,3.972155,26529402,0,0,264,26353800,103002,72600,L5[WIO] Q55 M2 - L4[IO] M2 P55 C3 M12X - L3[] Q1 S11Y - L2[I] Q1 - L1[W] R11 - L0[O] M2 ,None
3.651067,0.261905,2395800,384.877977,9.220907e+02,1.928614,105415200,105415200,88,160.942297,654762,0,0,88,479160,103002,72600,L5[WIO] Q55 M3 - L4[IO] M4 P55 M4X - L3[] Q1 S11Y - L2[I] Q1 - L1[W] R11 C3 - L0[O] M2 ,None
35.686665,0.065476,9583200,3761.916882,3.605120e+04,1.928614,105415200,105415200,44,3.972155,26529402,0,0,44,26353800,103002,72600,L5[WIO] Q55 M6 - L4[IO] M2 P55 C3 - L3[] Q1 S11Y - L2[I] Q1 - L1[W] R11 - L0[O] M8 ,None
3.886856,0.523810,1197900,409.733702,4.908200e+02,1.928614,105415200,105415200,176,122.424846,860764,0,0,176,479160,309004,72600,L5[WIO] Q55 M3 C3 - L4[IO] M2 P55 M8X - L3[] Q1 S11Y - L2[I] Q1 - L1[W] R11 - L0[O] M2 ,None
5.893336,0.130952,4791600,621.247180,2.976768e+03,1.928614,105415200,105415200,44,47.904290,2199780,0,0,44,479160,1648020,72600,L5[WIO] Q55 M16 C3 - L4[IO] P55 M2X - L3[] Q1 S11Y - L2[I] Q1 - L1[W] R11 - L0[O] M3 ,None
3.551494,0.523810,1197900,374.381477,4.484716e+02,1.928614,105415200,105415200,176,160.942297,654762,0,0,176,479160,103002,72600,L5[WIO] Q55 M3 - L4[IO] M2 P55 M8X - L3[] Q1 S11Y - L2[I] Q1 - L1[W] R11 C3 - L0[O] M2 ,None
3.512762,0.392857,1597200,370.298484,5.914407e+02,1.928614,105415200,105415200,132,160.942297,654762,0,0,132,479160,103002,72600,L5[WIO] Q55 M4 - L4[IO] P55 M6X - L3[] Q1 S11Y - L2[I] Q1 - L1[W] R11 C3 - L0[O] M4 ,None
39.453702,0.065476,9583200,4159.019892,3.985672e+04,1.928614,105415200,105415200,22,3.972155,26529402,0,0,22,26353800,103002,72600,L5[WIO] Q55 M3 - L4[IO] M32 P55 C3 - L3[] Q1 S11Y - L2[I] Q1 - L1[W] R11 - L0[O] Q1 ,None
3.575449,0.065476,9583200,376.906675,3.611972e+03,1.928614,105415200,105415200,66,160.942297,654762,0,0,66,479160,103002,72600,L5[WIO] Q55 M4 - L4[IO] M2 P55 - L3[] Q1 S11Y - L2[I] Q1 - L1[W] R11 C3 - L0[O] M12 ,None
4.072998,0.785714,798600,429.355855,3.428836e+02,1.928614,105415200,105415200,264,109.340866,963765,0,0,264,479160,412005,72600,L5[WIO] Q55 M4 C3 - L4[IO] M2 P55 M12X - L3[] Q1 S11Y - L2[I] Q1 - L1[W] R11 - L0[O] Q1 ,None
35.738360,0.523810,1197900,3767.366320,4.512928e+03,1.928614,105415200,105415200,176,3.972155,26529402,0,0,176,26353800,103002,72600,L5[WIO] Q55 M3 - L4[IO] M4 P55 C3 M8X - L3[] Q1 S11Y - L2[I] Q1 - L1[W] R11 - L0[O] Q1 ,None
8.428673,0.065476,9583200,888.510250,8.514771e+03,1.928614,105415200,105415200,22,27.386792,3847800,0,0,22,479160,3296040,72600,L5[WIO] Q55 M32 C3 - L4[IO] P55 - L3[] Q1 S11Y - L2[I] Q1 - L1[W] R11 - L0[O] M3 ,None
3.577296,0.130952,4791600,377.101405,1.806919e+03,1.928614,105415200,105415200,88,160.942297,654762,0,0,88,479160,103002,72600,L5[WIO] Q55 M2 - L4[IO] M4 P55 M2X - L3[] Q1 S11Y - L2[I] Q1 - L1[W] R11 C3 - L0[O] M6 ,None
35.708820,0.261905,2395800,3764.252355,9.018396e+03,1.928614,105415200,105415200,88,3.972155,26529402,0,0,88,26353800,103002,72600,L5[WIO] Q55 M3 - L4[IO] M4 P55 C3 M4X - L3[] Q1 S11Y - L2[I] Q1 - L1[W] R11 - L0[O] M2 ,None
39.453702,0.065476,9583200,4159.019892,3.985672e+04,1.928614,105415200,105415200,22,3.972155,26529402,0,0,22,26353800,103002,72600,L5[WIO] Q55 M32 - L4[IO] M3 P55 C3 - L3[] Q1 S11Y - L2[I] Q1 - L1[W] R11 - L0[O] Q1 ,None
3.985372,0.065476,9583200,420.118809,4.026083e+03,1.928614,105415200,105415200,132,109.340866,963765,0,0,132,479160,412005,72600,L5[WIO] Q55 M4 C3 - L4[IO] P55 - L3[] Q1 S11Y - L2[I] Q1 - L1[W] R11 - L0[O] M24 ,None
3.711804,0.785714,798600,391.280557,3.124767e+02,1.928614,105415200,105415200,264,139.065777,757763,0,0,264,479160,206003,72600,L5[WIO] Q55 M2 C3 - L4[IO] M2 P55 M12X - L3[] Q1 S11Y - L2[I] Q1 - L1[W] R11 - L0[O] M2 ,None
3.575449,0.065476,9583200,376.906675,3.611972e+03,1.928614,105415200,105415200,66,160.942297,654762,0,0,66,479160,103002,72600,L5[WIO] Q55 M8 - L4[IO] P55 - L3[] Q1 S11Y - L2[I] Q1 - L1[W] R11 C3 - L0[O] M12 ,None
35.428668,0.261905,2395800,3734.720128,8.947642e+03,1.928614,105415200,105415200,88,3.972155,26529402,0,0,88,26353800,103002,72600,L5[WIO] Q55 M2 - L4[IO] M3 P55 C3 M4X - L3[] Q1 S11Y - L2[I] Q1 - L1[W] R11 - L0[O] M4 ,None
3.844671,0.065476,9583200,405.286808,3.883945e+03,1.928614,105415200,105415200,22,160.942297,654762,0,0,22,479160,103002,72600,L5[WIO] Q55 M3 - L4[IO] M8 P55 - L3[] Q1 S11Y - L2[I] Q1 - L1[W] R11 C3 - L0[O] M4 ,None
35.875894,0.130952,4791600,3781.864489,1.812118e+04,1.928614,105415200,105415200,44,3.972155,26529402,0,0,44,26353800,103002,72600,L5[WIO] Q55 M16 - L4[IO] P55 C3 M2X - L3[] Q1 S11Y - L2[I] Q1 - L1[W] R11 - L0[O] M3 ,None
3.997513,0.523810,1197900,421.398582,5.047934e+02,1.928614,105415200,105415200,176,122.424846,860764,0,0,176,479160,309004,72600,L5[WIO] Q55 M3 C3 - L4[IO] M4 P55 M8X - L3[] Q1 S11Y - L2[I] Q1 - L1[W] R11 - L0[O] Q1 ,None
4.620129,0.065476,9583200,487.031779,4.667323e+03,1.928614,105415200,105415200,66,76.596306,1375770,0,0,66,479160,824010,72600,L5[WIO] Q55 M8 C3 - L4[IO] P55 - L3[] Q1 S11Y - L2[I] Q1 - L1[W] R11 - L0[O] M12 ,None
3.662151,0.523810,1197900,386.046357,4.624449e+02,1.928614,105415200,105415200,176,160.942297,654762,0,0,176,479160,103002,72600,L5[WIO] Q55 M3 - L4[IO] M4 P55 M8X - L3[] Q1 S11Y - L2[I] Q1 - L1[W] R11 C3 - L0[O] Q1 ,None
3.595769,0.785714,798600,379.048706,3.027083e+02,1.928614,105415200,105415200,264,160.942297,654762,0,0,264,479160,103002,72600,L5[WIO] Q55 M4 - L4[IO] M2 P55 M12X - L3[] Q1 S11Y - L2[I] Q1 - L1[W] R11 C3 - L0[O] Q1 ,None
35.327899,0.065476,9583200,3724.097509,3.568877e+04,1.928614,105415200,105415200,132,3.972155,26529402,0,0,132,26353800,103002,72600,L5[WIO] Q55 M4 - L4[IO] P55 C3 - L3[] Q1 S11Y - L2[I] Q1 - L1[W] R11 - L0[O] M24 ,None
3.577296,0.130952,4791600,377.101405,1.806919e+03,1.928614,105415200,105415200,88,160.942297,654762,0,0,88,479160,103002,72600,L5[WIO] Q55 M4 - L4[IO] M2 P55 M2X - L3[] Q1 S11Y - L2[I] Q1 - L1[W] R11 C3 - L0[O] M6 ,None
4.327442,0.130952,4791600,456.178147,2.185823e+03,1.928614,105415200,105415200,44,109.340866,963765,0,0,44,479160,412005,72600,L5[WIO] Q55 M4 C3 - L4[IO] M6 P55 M2X - L3[] Q1 S11Y - L2[I] Q1 - L1[W] R11 - L0[O] M2 ,None
3.986296,0.130952,4791600,420.216174,2.013508e+03,1.928614,105415200,105415200,132,109.340866,963765,0,0,132,479160,412005,72600,L5[WIO] Q55 M4 C3 - L4[IO] P55 M2X - L3[] Q1 S11Y - L2[I] Q1 - L1[W] R11 - L0[O] M12 ,None
4.248505,0.065476,9583200,447.856972,4.291903e+03,1.928614,105415200,105415200,22,160.942297,654762,0,0,22,479160,103002,72600,L5[WIO] Q55 M2 - L4[IO] M24 P55 - L3[] Q1 S11Y - L2[I] Q1 - L1[W] R11 C3 - L0[O] M2 ,None
36.224813,0.065476,9583200,3818.645873,3.659485e+04,1.928614,105415200,105415200,22,3.972155,26529402,0,0,22,26353800,103002,72600,L5[WIO] Q55 M3 - L4[IO] M8 P55 C3 - L3[] Q1 S11Y - L2[I] Q1 - L1[W] R11 - L0[O] M4 ,None
35.340207,0.392857,1597200,3725.394994,5.950201e+03,1.928614,105415200,105415200,132,3.972155,26529402,0,0,132,26353800,103002,72600,L5[WIO] Q55 M4 - L4[IO] P55 C3 M6X - L3[] Q1 S11Y - L2[I] Q1 - L1[W] R11 - L0[O] M4 ,None
3.988143,0.261905,2395800,420.410904,1.007220e+03,1.928614,105415200,105415200,176,109.340866,963765,0,0,176,479160,412005,72600,L5[WIO] Q55 M4 C3 - L4[IO] P55 M4X - L3[] Q1 S11Y - L2[I] Q1 - L1[W] R11 - L0[O] M6 ,None
3.739453,0.261905,2395800,394.195163,9.444128e+02,1.928614,105415200,105415200,88,139.065777,757763,0,0,88,479160,206003,72600,L5[WIO] Q55 M2 C3 - L4[IO] M3 P55 M4X - L3[] Q1 S11Y - L2[I] Q1 - L1[W] R11 - L0[O] M4 ,None
3.577296,0.130952,4791600,377.101405,1.806919e+03,1.928614,105415200,105415200,88,160.942297,654762,0,0,88,479160,103002,72600,L5[WIO] Q55 M8 - L4[IO] P55 M2X - L3[] Q1 S11Y - L2[I] Q1 - L1[W] R11 C3 - L0[O] M6 ,None
35.507282,0.065476,9583200,3743.007195,3.586999e+04,1.928614,105415200,105415200,66,3.972155,26529402,0,0,66,26353800,103002,72600,L5[WIO] Q55 M2 - L4[IO] M4 P55 C3 - L3[] Q1 S11Y - L2[I] Q1 - L1[W] R11 - L0[O] M12 ,None
3.979282,0.065476,9583200,419.476840,4.019930e+03,1.928614,105415200,105415200,22,160.942297,654762,0,0,22,479160,103002,72600,L5[WIO] Q55 M32 - L4[IO] P55 - L3[] Q1 S11Y - L2[I] Q1 - L1[W] R11 C3 - L0[O] M3 ,None
35.507282,0.065476,9583200,3743.007195,3.586999e+04,1.928614,105415200,105415200,66,3.972155,26529402,0,0,66,26353800,103002,72600,L5[WIO] Q55 M8 - L4[IO] P55 C3 - L3[] Q1 S11Y - L2[I] Q1 - L1[W] R11 - L0[O] M12 ,None
4.621976,0.130952,4791600,487.226509,2.334595e+03,1.928614,105415200,105415200,88,76.596306,1375770,0,0,88,479160,824010,72600,L5[WIO] Q55 M8 C3 - L4[IO] P55 M2X - L3[] Q1 S11Y - L2[I] Q1 - L1[W] R11 - L0[O] M6 ,None
35.335284,0.261905,2395800,3724.876000,8.924058e+03,1.928614,105415200,105415200,176,3.972155,26529402,0,0,176,26353800,103002,72600,L5[WIO] Q55 M4 - L4[IO] P55 C3 M4X - L3[] Q1 S11Y - L2[I] Q1 - L1[W] R11 - L0[O] M6 ,None
3.642754,0.065476,9583200,384.001691,3.679965e+03,1.928614,105415200,105415200,44,160.942297,654762,0,0,44,479160,103002,72600,L5[WIO] Q55 M4 - L4[IO] M3 P55 - L3[] Q1 S11Y - L2[I] Q1 - L1[W] R11 C3 - L0[O] M8 ,None
35.354977,0.785714,798600,3726.951976,2.976344e+03,1.928614,105415200,105415200,264,3.972155,26529402,0,0,264,26353800,103002,72600,L5[WIO] Q55 M4 - L4[IO] P55 C3 M12X - L3[] Q1 S11Y - L2[I] Q1 - L1[W] R11 - L0[O] M2 ,None
3.850213,0.130952,4791600,405.870998,1.944771e+03,1.928614,105415200,105415200,44,160.942297,654762,0,0,44,479160,103002,72600,L5[WIO] Q55 M4 - L4[IO] M6 P55 M2X - L3[] Q1 S11Y - L2[I] Q1 - L1[W] R11 C3 - L0[O] M2 ,None
8.370661,0.065476,9583200,882.394870,8.456167e+03,1.928614,105415200,105415200,22,34.849940,3023790,0,0,22,479160,2472030,72600,L5[WIO] Q55 M24 C3 - L4[IO] M4 P55 - L3[] Q1 S11Y - L2[I] Q1 - L1[W] R11 - L0[O] Q1 ,None
3.987219,0.196429,3194400,420.313539,1.342650e+03,1.928614,105415200,105415200,132,109.340866,963765,0,0,132,479160,412005,72600,L5[WIO] Q55 M4 C3 - L4[IO] P55 M3X - L3[] Q1 S11Y - L2[I] Q1 - L1[W] R11 - L0[O] M8 ,None
36.583578,0.065476,9583200,3856.465179,3.695728e+04,1.928614,105415200,105415200,22,3.972155,26529402,0,0,22,26353800,103002,72600,L5[WIO] Q55 M32 - L4[IO] P55 C3 - L3[] Q1 S11Y - L2[I] Q1 - L1[W] R11 - L0[O] M3 ,None
3.662151,0.523810,1197900,386.046357,4.624449e+02,1.928614,105415200,105415200,176,160.942297,654762,0,0,176,479160,103002,72600,L5[WIO] Q55 M2 - L4[IO] M6 P55 M8X - L3[] Q1 S11Y - L2[I] Q1 - L1[W] R11 C3 - L0[O] Q1 ,None
35.561438,0.785714,798600,3748.716131,2.993725e+03,1.928614,105415200,105415200,264,3.972155,26529402,0,0,264,26353800,103002,72600,L5[WIO] Q55 M4 - L4[IO] M2 P55 C3 M12X - L3[] Q1 S11Y - L2[I] Q1 - L1[W] R11 - L0[O] Q1 ,None
4.052678,0.065476,9583200,427.213825,4.094076e+03,1.928614,105415200,105415200,66,109.340866,963765,0,0,66,479160,412005,72600,L5[WIO] Q55 M4 C3 - L4[IO] M2 P55 - L3[] Q1 S11Y - L2[I] Q1 - L1[W] R11 - L0[O] M12 ,None
3.768949,0.065476,9583200,397.304557,3.807449e+03,1.928614,105415200,105415200,66,139.065777,757763,0,0,66,479160,206003,72600,L5[WIO] Q55 M2 C3 - L4[IO] M4 P55 - L3[] Q1 S11Y - L2[I] Q1 - L1[W] R11 - L0[O] M12 ,None
35.512205,0.130952,4791600,3743.526189,1.793748e+04,1.928614,105415200,105415200,88,3.972155,26529402,0,0,88,26353800,103002,72600,L5[WIO] Q55 M2 - L4[IO] M4 P55 C3 M2X - L3[] Q1 S11Y - L2[I] Q1 - L1[W] R11 - L0[O] M6 ,None
3.509067,0.130952,4791600,369.909024,1.772456e+03,1.928614,105415200,105415200,132,160.942297,654762,0,0,132,479160,103002,72600,L5[WIO] Q55 M4 - L4[IO] P55 M2X - L3[] Q1 S11Y - L2[I] Q1 - L1[W] R11 C3 - L0[O] M12 ,None
3.717449,0.196429,3194400,391.875628,1.251808e+03,1.928614,105415200,105415200,66,160.942297,654762,0,0,66,479160,103002,72600,L5[WIO] Q55 M8 - L4[IO] M2 P55 M3X - L3[] Q1 S11Y - L2[I] Q1 - L1[W] R11 C3 - L0[O] M2 ,None
3.518304,0.785714,798600,370.882675,2.961869e+02,1.928614,105415200,105415200,264,160.942297,654762,0,0,264,479160,103002,72600,L5[WIO] Q55 M4 - L4[IO] P55 M12X - L3[] Q1 S11Y - L2[I] Q1 - L1[W] R11 C3 - L0[O] M2 ,None
3.995532,0.785714,798600,421.189824,3.363622e+02,1.928614,105415200,105415200,264,109.340866,963765,0,0,264,479160,412005,72600,L5[WIO] Q55 M4 C3 - L4[IO] P55 M12X - L3[] Q1 S11Y - L2[I] Q1 - L1[W] R11 - L0[O] M2 ,None
35.512205,0.130952,4791600,3743.526189,1.793748e+04,1.928614,105415200,105415200,88,3.972155,26529402,0,0,88,26353800,103002,72600,L5[WIO] Q55 M8 - L4[IO] P55 C3 M2X - L3[] Q1 S11Y - L2[I] Q1 - L1[W] R11 - L0[O] M6 ,None
35.507282,0.065476,9583200,3743.007195,3.586999e+04,1.928614,105415200,105415200,66,3.972155,26529402,0,0,66,26353800,103002,72600,L5[WIO] Q55 M4 - L4[IO] M2 P55 C3 - L3[] Q1 S11Y - L2[I] Q1 - L1[W] R11 - L0[O] M12 ,None
3.728533,0.392857,1597200,393.044008,6.277699e+02,1.928614,105415200,105415200,132,160.942297,654762,0,0,132,479160,103002,72600,L5[WIO] Q55 M4 - L4[IO] M4 P55 M6X - L3[] Q1 S11Y - L2[I] Q1 - L1[W] R11 C3 - L0[O] Q1 ,None
5.056172,0.065476,9583200,532.997368,5.107820e+03,1.928614,105415200,105415200,22,160.942297,654762,0,0,22,479160,103002,72600,L5[WIO] Q55 M24 - L4[IO] M4 P55 - L3[] Q1 S11Y - L2[I] Q1 - L1[W] R11 C3 - L0[O] Q1 ,None
4.762129,0.196429,3194400,502.000732,1.603591e+03,1.928614,105415200,105415200,66,76.596306,1375770,0,0,66,479160,824010,72600,L5[WIO] Q55 M8 C3 - L4[IO] M2 P55 M3X - L3[] Q1 S11Y - L2[I] Q1 - L1[W] R11 - L0[O] M2 ,None
35.517128,0.196429,3194400,3744.045183,1.195998e+04,1.928614,105415200,105415200,66,3.972155,26529402,0,0,66,26353800,103002,72600,L5[WIO] Q55 M4 - L4[IO] M2 P55 C3 M3X - L3[] Q1 S11Y - L2[I] Q1 - L1[W] R11 - L0[O] M4 ,None
4.304133,0.130952,4791600,453.721020,2.174050e+03,1.928614,105415200,105415200,88,90.085299,1169768,0,0,88,479160,618008,72600,L5[WIO] Q55 M6 C3 - L4[IO] P55 M2X - L3[] Q1 S11Y - L2[I] Q1 - L1[W] R11 - L0[O] M8 ,None
35.330360,0.130952,4791600,3724.357006,1.784563e+04,1.928614,105415200,105415200,132,3.972155,26529402,0,0,132,26353800,103002,72600,L5[WIO] Q55 M4 - L4[IO] P55 C3 M2X - L3[] Q1 S11Y - L2[I] Q1 - L1[W] R11 - L0[O] M12 ,None
3.991838,0.523810,1197900,420.800364,5.040768e+02,1.928614,105415200,105415200,176,109.340866,963765,0,0,176,479160,412005,72600,L5[WIO] Q55 M4 C3 - L4[IO] P55 M8X - L3[] Q1 S11Y - L2[I] Q1 - L1[W] R11 - L0[O] M3 ,None
3.642754,0.065476,9583200,384.001691,3.679965e+03,1.928614,105415200,105415200,44,160.942297,654762,0,0,44,479160,103002,72600,L5[WIO] Q55 M3 - L4[IO] M4 P55 - L3[] Q1 S11Y - L2[I] Q1 - L1[W] R11 C3 - L0[O] M8 ,None
4.054525,0.130952,4791600,427.408555,2.047971e+03,1.928614,105415200,105415200,88,109.340866,963765,0,0,88,479160,412005,72600,L5[WIO] Q55 M4 C3 - L4[IO] M2 P55 M2X - L3[] Q1 S11Y - L2[I] Q1 - L1[W] R11 - L0[O] M6 ,None
36.239583,0.130952,4791600,3820.202856,1.830488e+04,1.928614,105415200,105415200,44,3.972155,26529402,0,0,44,26353800,103002,72600,L5[WIO] Q55 M4 - L4[IO] M6 P55 C3 M2X - L3[] Q1 S11Y - L2[I] Q1 - L1[W] R11 - L0[O] M2 ,None
3.770797,0.130952,4791600,397.499287,1.904658e+03,1.928614,105415200,105415200,88,139.065777,757763,0,0,88,479160,206003,72600,L5[WIO] Q55 M2 C3 - L4[IO] M4 P55 M2X - L3[] Q1 S11Y - L2[I] Q1 - L1[W] R11 - L0[O] M6 ,None
37.301109,0.065476,9583200,3932.103857,3.768214e+04,1.928614,105415200,105415200,22,3.972155,26529402,0,0,22,26353800,103002,72600,L5[WIO] Q55 M2 - L4[IO] M24 P55 C3 - L3[] Q1 S11Y - L2[I] Q1 - L1[W] R11 - L0[O] M2 ,None
3.509991,0.196429,3194400,370.006389,1.181948e+03,1.928614,105415200,105415200,132,160.942297,654762,0,0,132,479160,103002,72600,L5[WIO] Q55 M4 - L4[IO] P55 M3X - L3[] Q1 S11Y - L2[I] Q1 - L1[W] R11 C3 - L0[O] M8 ,None
3.579144,0.196429,3194400,377.296135,1.205235e+03,1.928614,105415200,105415200,66,160.942297,654762,0,0,66,479160,103002,72600,L5[WIO] Q55 M4 - L4[IO] M2 P55 M3X - L3[] Q1 S11Y - L2[I] Q1 - L1[W] R11 C3 - L0[O] M4 ,None
4.056372,0.196429,3194400,427.603285,1.365936e+03,1.928614,105415200,105415200,66,109.340866,963765,0,0,66,479160,412005,72600,L5[WIO] Q55 M4 C3 - L4[IO] M2 P55 M3X - L3[] Q1 S11Y - L2[I] Q1 - L1[W] R11 - L0[O] M4 ,None
35.512205,0.130952,4791600,3743.526189,1.793748e+04,1.928614,105415200,105415200,88,3.972155,26529402,0,0,88,26353800,103002,72600,L5[WIO] Q55 M4 - L4[IO] M2 P55 C3 M2X - L3[] Q1 S11Y - L2[I] Q1 - L1[W] R11 - L0[O] M6 ,None
3.541796,0.065476,9583200,373.359135,3.577975e+03,1.928614,105415200,105415200,88,160.942297,654762,0,0,88,479160,103002,72600,L5[WIO] Q55 M6 - L4[IO] P55 - L3[] Q1 S11Y - L2[I] Q1 - L1[W] R11 C3 - L0[O] M16 ,None
3.543181,0.130952,4791600,373.505184,1.789687e+03,1.928614,105415200,105415200,88,160.942297,654762,0,0,88,479160,103002,72600,L5[WIO] Q55 M6 - L4[IO] P55 M2X - L3[] Q1 S11Y - L2[I] Q1 - L1[W] R11 C3 - L0[O] M8 ,None
35.885740,0.196429,3194400,3782.902477,1.208410e+04,1.928614,105415200,105415200,66,3.972155,26529402,0,0,66,26353800,103002,72600,L5[WIO] Q55 M8 - L4[IO] M2 P55 C3 M3X - L3[] Q1 S11Y - L2[I] Q1 - L1[W] R11 - L0[O] M2 ,None
5.889641,0.065476,9583200,620.857720,5.949804e+03,1.928614,105415200,105415200,44,47.904290,2199780,0,0,44,479160,1648020,72600,L5[WIO] Q55 M16 C3 - L4[IO] P55 - L3[] Q1 S11Y - L2[I] Q1 - L1[W] R11 - L0[O] M6 ,None
35.332822,0.196429,3194400,3724.616503,1.189791e+04,1.928614,105415200,105415200,132,3.972155,26529402,0,0,132,26353800,103002,72600,L5[WIO] Q55 M4 - L4[IO] P55 C3 M3X - L3[] Q1 S11Y - L2[I] Q1 - L1[W] R11 - L0[O] M8 ,None
4.321900,0.065476,9583200,455.593957,4.366048e+03,1.928614,105415200,105415200,22,109.340866,963765,0,0,22,479160,412005,72600,L5[WIO] Q55 M4 C3 - L4[IO] M6 P55 - L3[] Q1 S11Y - L2[I] Q1 - L1[W] R11 - L0[O] M4 ,None
3.861297,0.261905,2395800,407.039378,9.751849e+02,1.928614,105415200,105415200,88,160.942297,654762,0,0,88,479160,103002,72600,L5[WIO] Q55 M3 - L4[IO] M8 P55 M4X - L3[] Q1 S11Y - L2[I] Q1 - L1[W] R11 C3 - L0[O] Q1 ,None
4.119983,0.065476,9583200,434.308841,4.162068e+03,1.928614,105415200,105415200,44,109.340866,963765,0,0,44,479160,412005,72600,L5[WIO] Q55 M4 C3 - L4[IO] M3 P55 - L3[] Q1 S11Y - L2[I] Q1 - L1[W] R11 - L0[O] M8 ,None
39.453702,0.065476,9583200,4159.019892,3.985672e+04,1.928614,105415200,105415200,22,3.972155,26529402,0,0,22,26353800,103002,72600,L5[WIO] Q55 M24 - L4[IO] M4 P55 C3 - L3[] Q1 S11Y - L2[I] Q1 - L1[W] R11 - L0[O] Q1 ,None
4.442005,0.065476,9583200,468.254854,4.487380e+03,1.928614,105415200,105415200,22,139.065777,757763,0,0,22,479160,206003,72600,L5[WIO] Q55 M2 C3 - L4[IO] M24 P55 - L3[] Q1 S11Y - L2[I] Q1 - L1[W] R11 - L0[O] M2 ,None
2.897148,0.720238,871200,305.403409,2.660674e+02,1.928614,105415200,105415200,1452,660.376377,159574,0,0,1452,43560,43414,72600,L5[WIO] Q5 M2 - L4[IO] M2 P55 Q11X - L3[] Q1 S11Y - L2[I] Q1 - L1[W] R11 C3 - L0[O] M24 ,None
3.514609,0.523810,1197900,370.493214,4.438138e+02,1.928614,105415200,105415200,176,160.942297,654762,0,0,176,479160,103002,72600,L5[WIO] Q55 M4 - L4[IO] P55 M8X - L3[] Q1 S11Y - L2[I] Q1 - L1[W] R11 C3 - L0[O] M3 ,None
3.710060,0.065476,9583200,391.096707,3.747958e+03,1.928614,105415200,105415200,44,160.942297,654762,0,0,44,479160,103002,72600,L5[WIO] Q55 M4 - L4[IO] M4 P55 - L3[] Q1 S11Y - L2[I] Q1 - L1[W] R11 C3 - L0[O] M6 ,None
35.738360,0.523810,1197900,3767.366320,4.512928e+03,1.928614,105415200,105415200,176,3.972155,26529402,0,0,176,26353800,103002,72600,L5[WIO] Q55 M2 - L4[IO] M6 P55 C3 M8X - L3[] Q1 S11Y - L2[I] Q1 - L1[W] R11 - L0[O] Q1 ,None
4.187289,0.065476,9583200,441.403857,4.230061e+03,1.928614,105415200,105415200,44,109.340866,963765,0,0,44,479160,412005,72600,L5[WIO] Q55 M4 C3 - L4[IO] M4 P55 - L3[] Q1 S11Y - L2[I] Q1 - L1[W] R11 - L0[O] M6 ,None
35.686665,0.065476,9583200,3761.916882,3.605120e+04,1.928614,105415200,105415200,44,3.972155,26529402,0,0,44,26353800,103002,72600,L5[WIO] Q55 M4 - L4[IO] M3 P55 C3 - L3[] Q1 S11Y - L2[I] Q1 - L1[W] R11 - L0[O] M8 ,None
3.710060,0.065476,9583200,391.096707,3.747958e+03,1.928614,105415200,105415200,44,160.942297,654762,0,0,44,479160,103002,72600,L5[WIO] Q55 M16 - L4[IO] P55 - L3[] Q1 S11Y - L2[I] Q1 - L1[W] R11 C3 - L0[O] M6 ,None
3.662151,0.523810,1197900,386.046357,4.624449e+02,1.928614,105415200,105415200,176,160.942297,654762,0,0,176,479160,103002,72600,L5[WIO] Q55 M6 - L4[IO] M2 P55 M8X - L3[] Q1 S11Y - L2[I] Q1 - L1[W] R11 C3 - L0[O] Q1 ,None
35.866047,0.065476,9583200,3780.826500,3.623242e+04,1.928614,105415200,105415200,44,3.972155,26529402,0,0,44,26353800,103002,72600,L5[WIO] Q55 M4 - L4[IO] M4 P55 C3 - L3[] Q1 S11Y - L2[I] Q1 - L1[W] R11 - L0[O] M6 ,None
6.154919,0.720238,871200,648.822058,5.652538e+02,1.928614,105415200,105415200,1452,41.953305,2511814,0,0,1452,2395800,43414,72600,L5[WIO] Q5 M2 - L4[IO] M2 P55 C3 Q11X - L3[] Q1 S11Y - L2[I] Q1 - L1[W] R11 - L0[O] M24 ,None
3.008578,0.720238,871200,317.149840,2.763009e+02,1.928614,105415200,105415200,1452,519.138570,202988,0,0,1452,43560,86828,72600,L5[WIO] Q5 M2 C3 - L4[IO] M2 P55 Q11X - L3[] Q1 S11Y - L2[I] Q1 - L1[W] R11 - L0[O] M24 ,None
5.897030,0.196429,3194400,621.636640,1.985756e+03,1.928614,105415200,105415200,66,47.904290,2199780,0,0,66,479160,1648020,72600,L5[WIO] Q55 M16 C3 - L4[IO] P55 M3X - L3[] Q1 S11Y - L2[I] Q1 - L1[W] R11 - L0[O] M2 ,None
4.456511,0.065476,9583200,469.783989,4.502034e+03,1.928614,105415200,105415200,22,109.340866,963765,0,0,22,479160,412005,72600,L5[WIO] Q55 M4 C3 - L4[IO] M8 P55 - L3[] Q1 S11Y - L2[I] Q1 - L1[W] R11 - L0[O] M3 ,None
35.345130,0.523810,1197900,3725.913988,4.463272e+03,1.928614,105415200,105415200,176,3.972155,26529402,0,0,176,26353800,103002,72600,L5[WIO] Q55 M4 - L4[IO] P55 C3 M8X - L3[] Q1 S11Y - L2[I] Q1 - L1[W] R11 - L0[O] M3 ,None
3.580991,0.261905,2395800,377.490866,9.043926e+02,1.928614,105415200,105415200,88,160.942297,654762,0,0,88,479160,103002,72600,L5[WIO] Q55 M4 - L4[IO] M2 P55 M4X - L3[] Q1 S11Y - L2[I] Q1 - L1[W] R11 C3 - L0[O] M3 ,None
4.773212,0.392857,1597200,503.169112,8.036617e+02,1.928614,105415200,105415200,132,76.596306,1375770,0,0,132,479160,824010,72600,L5[WIO] Q55 M8 C3 - L4[IO] M2 P55 M6X - L3[] Q1 S11Y - L2[I] Q1 - L1[W] R11 - L0[O] Q1 ,None
35.421283,0.130952,4791600,3733.941634,1.789155e+04,1.928614,105415200,105415200,88,3.972155,26529402,0,0,88,26353800,103002,72600,L5[WIO] Q55 M6 - L4[IO] P55 C3 M2X - L3[] Q1 S11Y - L2[I] Q1 - L1[W] R11 - L0[O] M8 ,None
4.445176,0.720238,871200,468.589118,4.082348e+02,1.928614,105415200,105415200,242,660.376377,159574,0,0,242,43560,43414,72600,L5[WIO] Q5 M2 - L4[IO] M48 P55 Q11X - L3[] Q1 S11Y - L2[I] Q1 - L1[W] R11 C3 - L0[O] Q1 ,None
3.844671,0.065476,9583200,405.286808,3.883945e+03,1.928614,105415200,105415200,22,160.942297,654762,0,0,22,479160,103002,72600,L5[WIO] Q55 M4 - L4[IO] M6 P55 - L3[] Q1 S11Y - L2[I] Q1 - L1[W] R11 C3 - L0[O] M4 ,None
3.855651,0.523810,1197900,406.444239,4.868796e+02,1.928614,105415200,105415200,176,139.065777,757763,0,0,176,479160,206003,72600,L5[WIO] Q55 M2 C3 - L4[IO] M6 P55 M8X - L3[] Q1 S11Y - L2[I] Q1 - L1[W] R11 - L0[O] Q1 ,None
3.717449,0.196429,3194400,391.875628,1.251808e+03,1.928614,105415200,105415200,66,160.942297,654762,0,0,66,479160,103002,72600,L5[WIO] Q55 M4 - L4[IO] M4 P55 M3X - L3[] Q1 S11Y - L2[I] Q1 - L1[W] R11 C3 - L0[O] M2 ,None
35.686665,0.065476,9583200,3761.916882,3.605120e+04,1.928614,105415200,105415200,44,3.972155,26529402,0,0,44,26353800,103002,72600,L5[WIO] Q55 M3 - L4[IO] M4 P55 C3 - L3[] Q1 S11Y - L2[I] Q1 - L1[W] R11 - L0[O] M8 ,None
4.194678,0.196429,3194400,442.182777,1.412509e+03,1.928614,105415200,105415200,66,109.340866,963765,0,0,66,479160,412005,72600,L5[WIO] Q55 M4 C3 - L4[IO] M4 P55 M3X - L3[] Q1 S11Y - L2[I] Q1 - L1[W] R11 - L0[O] M2 ,None
35.915280,0.392857,1597200,3786.016442,6.047025e+03,1.928614,105415200,105415200,132,3.972155,26529402,0,0,132,26353800,103002,72600,L5[WIO] Q55 M4 - L4[IO] M4 P55 C3 M6X - L3[] Q1 S11Y - L2[I] Q1 - L1[W] R11 - L0[O] Q1 ,None
3.717449,0.196429,3194400,391.875628,1.251808e+03,1.928614,105415200,105415200,66,160.942297,654762,0,0,66,479160,103002,72600,L5[WIO] Q55 M16 - L4[IO] P55 M3X - L3[] Q1 S11Y - L2[I] Q1 - L1[W] R11 C3 - L0[O] M2 ,None
3.584685,0.392857,1597200,377.880326,6.035505e+02,1.928614,105415200,105415200,132,160.942297,654762,0,0,132,479160,103002,72600,L5[WIO] Q55 M8 - L4[IO] P55 M6X - L3[] Q1 S11Y - L2[I] Q1 - L1[W] R11 C3 - L0[O] M2 ,None
35.885740,0.196429,3194400,3782.902477,1.208410e+04,1.928614,105415200,105415200,66,3.972155,26529402,0,0,66,26353800,103002,72600,L5[WIO] Q55 M4 - L4[IO] M4 P55 C3 M3X - L3[] Q1 S11Y - L2[I] Q1 - L1[W] R11 - L0[O] M2 ,None
10.280723,0.380952,1647113,1083.744441,1.785050e+03,1.928614,105415200,105415200,242,41.953305,2511814,0,0,242,2395800,43414,72600,L5[WIO] Q5 M2 - L4[IO] M48 P55 C3 Q11X - L3[] Q1 S11Y - L2[I] Q1 - L1[W] R11 - L0[O] Q1 ,None
4.556606,0.720238,871200,480.335549,4.184683e+02,1.928614,105415200,105415200,242,519.138570,202988,0,0,242,43560,86828,72600,L5[WIO] Q5 M2 C3 - L4[IO] M48 P55 Q11X - L3[] Q1 S11Y - L2[I] Q1 - L1[W] R11 - L0[O] Q1 ,None
7.159160,0.065476,9583200,754.684310,7.232291e+03,1.928614,105415200,105415200,22,34.849940,3023790,0,0,22,479160,2472030,72600,L5[WIO] Q55 M24 C3 - L4[IO] P55 - L3[] Q1 S11Y - L2[I] Q1 - L1[W] R11 - L0[O] M4 ,None
36.224813,0.065476,9583200,3818.645873,3.659485e+04,1.928614,105415200,105415200,22,3.972155,26529402,0,0,22,26353800,103002,72600,L5[WIO] Q55 M4 - L4[IO] M6 P55 C3 - L3[] Q1 S11Y - L2[I] Q1 - L1[W] R11 - L0[O] M4 ,None
4.205761,0.392857,1597200,443.351157,7.081205e+02,1.928614,105415200,105415200,132,109.340866,963765,0,0,132,479160,412005,72600,L5[WIO] Q55 M4 C3 - L4[IO] M4 P55 M6X - L3[] Q1 S11Y - L2[I] Q1 - L1[W] R11 - L0[O] Q1 ,None
3.651067,0.261905,2395800,384.877977,9.220907e+02,1.928614,105415200,105415200,88,160.942297,654762,0,0,88,479160,103002,72600,L5[WIO] Q55 M4 - L4[IO] M3 P55 M4X - L3[] Q1 S11Y - L2[I] Q1 - L1[W] R11 C3 - L0[O] M2 ,None
35.866047,0.065476,9583200,3780.826500,3.623242e+04,1.928614,105415200,105415200,44,3.972155,26529402,0,0,44,26353800,103002,72600,L5[WIO] Q55 M16 - L4[IO] P55 C3 - L3[] Q1 S11Y - L2[I] Q1 - L1[W] R11 - L0[O] M6 ,None
5.257656,0.130952,4791600,554.236845,2.655681e+03,1.928614,105415200,105415200,44,58.944162,1787775,0,0,44,479160,1236015,72600,L5[WIO] Q55 M12 C3 - L4[IO] P55 M2X - L3[] Q1 S11Y - L2[I] Q1 - L1[W] R11 - L0[O] M4 ,None
2.930800,0.720238,871200,308.950897,2.691580e+02,1.928614,105415200,105415200,968,660.376377,159574,0,0,968,43560,43414,72600,L5[WIO] Q5 M3 - L4[IO] M2 P55 Q11X - L3[] Q1 S11Y - L2[I] Q1 - L1[W] R11 C3 - L0[O] M16 ,None
3.979282,0.065476,9583200,419.476840,4.019930e+03,1.928614,105415200,105415200,22,160.942297,654762,0,0,22,479160,103002,72600,L5[WIO] Q55 M4 - L4[IO] M8 P55 - L3[] Q1 S11Y - L2[I] Q1 - L1[W] R11 C3 - L0[O] M3 ,None
3.978116,0.065476,9583200,419.353917,4.018752e+03,1.928614,105415200,105415200,44,122.424846,860764,0,0,44,479160,309004,72600,L5[WIO] Q55 M3 C3 - L4[IO] M4 P55 - L3[] Q1 S11Y - L2[I] Q1 - L1[W] R11 - L0[O] M8 ,None
3.994060,0.196429,3194400,421.034680,1.344953e+03,1.928614,105415200,105415200,66,160.942297,654762,0,0,66,479160,103002,72600,L5[WIO] Q55 M4 - L4[IO] M8 P55 M3X - L3[] Q1 S11Y - L2[I] Q1 - L1[W] R11 C3 - L0[O] Q1 ,None
36.269123,0.261905,2395800,3823.316821,9.159902e+03,1.928614,105415200,105415200,88,3.972155,26529402,0,0,88,26353800,103002,72600,L5[WIO] Q55 M3 - L4[IO] M8 P55 C3 M4X - L3[] Q1 S11Y - L2[I] Q1 - L1[W] R11 - L0[O] Q1 ,None
4.471289,0.196429,3194400,471.341830,1.505654e+03,1.928614,105415200,105415200,66,109.340866,963765,0,0,66,479160,412005,72600,L5[WIO] Q55 M4 C3 - L4[IO] M8 P55 M3X - L3[] Q1 S11Y - L2[I] Q1 - L1[W] R11 - L0[O] Q1 ,None
35.417591,0.065476,9583200,3733.552387,3.577938e+04,1.928614,105415200,105415200,88,3.972155,26529402,0,0,88,26353800,103002,72600,L5[WIO] Q55 M6 - L4[IO] P55 C3 - L3[] Q1 S11Y - L2[I] Q1 - L1[W] R11 - L0[O] M16 ,None
3.844671,0.065476,9583200,405.286808,3.883945e+03,1.928614,105415200,105415200,22,160.942297,654762,0,0,22,479160,103002,72600,L5[WIO] Q55 M8 - L4[IO] M3 P55 - L3[] Q1 S11Y - L2[I] Q1 - L1[W] R11 C3 - L0[O] M4 ,None
3.728533,0.392857,1597200,393.044008,6.277699e+02,1.928614,105415200,105415200,132,160.942297,654762,0,0,132,479160,103002,72600,L5[WIO] Q55 M8 - L4[IO] M2 P55 M6X - L3[] Q1 S11Y - L2[I] Q1 - L1[W] R11 C3 - L0[O] Q1 ,None
36.622965,0.196429,3194400,3860.617132,1.233236e+04,1.928614,105415200,105415200,66,3.972155,26529402,0,0,66,26353800,103002,72600,L5[WIO] Q55 M4 - L4[IO] M8 P55 C3 M3X - L3[] Q1 S11Y - L2[I] Q1 - L1[W] R11 - L0[O] Q1 ,None
6.244611,0.720238,871200,658.276949,5.734909e+02,1.928614,105415200,105415200,968,41.953305,2511814,0,0,968,2395800,43414,72600,L5[WIO] Q5 M3 - L4[IO] M2 P55 C3 Q11X - L3[] Q1 S11Y - L2[I] Q1 - L1[W] R11 - L0[O] M16 ,None
3.102027,0.720238,871200,327.000802,2.848831e+02,1.928614,105415200,105415200,968,427.670636,246402,0,0,968,43560,130242,72600,L5[WIO] Q5 M3 C3 - L4[IO] M2 P55 Q11X - L3[] Q1 S11Y - L2[I] Q1 - L1[W] R11 - L0[O] M16 ,None
36.583578,0.065476,9583200,3856.465179,3.695728e+04,1.928614,105415200,105415200,22,3.972155,26529402,0,0,22,26353800,103002,72600,L5[WIO] Q55 M4 - L4[IO] M8 P55 C3 - L3[] Q1 S11Y - L2[I] Q1 - L1[W] R11 - L0[O] M3 ,None
5.009456,0.065476,9583200,528.072808,5.060627e+03,1.928614,105415200,105415200,22,90.085299,1169768,0,0,22,479160,618008,72600,L5[WIO] Q55 M6 C3 - L4[IO] M8 P55 - L3[] Q1 S11Y - L2[I] Q1 - L1[W] R11 - L0[O] M2 ,None
4.302747,0.065476,9583200,453.574971,4.346700e+03,1.928614,105415200,105415200,88,90.085299,1169768,0,0,88,479160,618008,72600,L5[WIO] Q55 M6 C3 - L4[IO] P55 - L3[] Q1 S11Y - L2[I] Q1 - L1[W] R11 - L0[O] M16 ,None
35.885740,0.196429,3194400,3782.902477,1.208410e+04,1.928614,105415200,105415200,66,3.972155,26529402,0,0,66,26353800,103002,72600,L5[WIO] Q55 M16 - L4[IO] P55 C3 M3X - L3[] Q1 S11Y - L2[I] Q1 - L1[W] R11 - L0[O] M2 ,None
5.860635,0.065476,9583200,617.800030,5.920501e+03,1.928614,105415200,105415200,22,58.944162,1787775,0,0,22,479160,1236015,72600,L5[WIO] Q55 M12 C3 - L4[IO] M4 P55 - L3[] Q1 S11Y - L2[I] Q1 - L1[W] R11 - L0[O] M2 ,None
3.861297,0.261905,2395800,407.039378,9.751849e+02,1.928614,105415200,105415200,88,160.942297,654762,0,0,88,479160,103002,72600,L5[WIO] Q55 M4 - L4[IO] M6 P55 M4X - L3[] Q1 S11Y - L2[I] Q1 - L1[W] R11 C3 - L0[O] Q1 ,None
3.031759,0.720238,871200,319.593441,2.784298e+02,1.928614,105415200,105415200,484,660.376377,159574,0,0,484,43560,43414,72600,L5[WIO] Q5 M6 - L4[IO] M2 P55 Q11X - L3[] Q1 S11Y - L2[I] Q1 - L1[W] R11 C3 - L0[O] M8 ,None
3.844671,0.065476,9583200,405.286808,3.883945e+03,1.928614,105415200,105415200,22,160.942297,654762,0,0,22,479160,103002,72600,L5[WIO] Q55 M24 - L4[IO] P55 - L3[] Q1 S11Y - L2[I] Q1 - L1[W] R11 C3 - L0[O] M4 ,None
4.196659,0.261905,2395800,442.391603,1.059882e+03,1.928614,105415200,105415200,88,122.424846,860764,0,0,88,479160,309004,72600,L5[WIO] Q55 M3 C3 - L4[IO] M8 P55 M4X - L3[] Q1 S11Y - L2[I] Q1 - L1[W] R11 - L0[O] Q1 ,None
3.651067,0.261905,2395800,384.877977,9.220907e+02,1.928614,105415200,105415200,88,160.942297,654762,0,0,88,479160,103002,72600,L5[WIO] Q55 M6 - L4[IO] M2 P55 M4X - L3[] Q1 S11Y - L2[I] Q1 - L1[W] R11 C3 - L0[O] M2 ,None
35.522052,0.261905,2395800,3744.564178,8.971227e+03,1.928614,105415200,105415200,88,3.972155,26529402,0,0,88,26353800,103002,72600,L5[WIO] Q55 M4 - L4[IO] M2 P55 C3 M4X - L3[] Q1 S11Y - L2[I] Q1 - L1[W] R11 - L0[O] M3 ,None
3.979282,0.065476,9583200,419.476840,4.019930e+03,1.928614,105415200,105415200,22,160.942297,654762,0,0,22,479160,103002,72600,L5[WIO] Q55 M8 - L4[IO] M4 P55 - L3[] Q1 S11Y - L2[I] Q1 - L1[W] R11 C3 - L0[O] M3 ,None
4.412019,0.261905,2395800,465.093813,1.114272e+03,1.928614,105415200,105415200,88,90.085299,1169768,0,0,88,479160,618008,72600,L5[WIO] Q55 M6 C3 - L4[IO] M2 P55 M4X - L3[] Q1 S11Y - L2[I] Q1 - L1[W] R11 - L0[O] M2 ,None
35.738360,0.523810,1197900,3767.366320,4.512928e+03,1.928614,105415200,105415200,176,3.972155,26529402,0,0,176,26353800,103002,72600,L5[WIO] Q55 M6 - L4[IO] M2 P55 C3 M8X - L3[] Q1 S11Y - L2[I] Q1 - L1[W] R11 - L0[O] Q1 ,None
3.645525,0.130952,4791600,384.293787,1.841382e+03,1.928614,105415200,105415200,44,160.942297,654762,0,0,44,479160,103002,72600,L5[WIO] Q55 M12 - L4[IO] P55 M2X - L3[] Q1 S11Y - L2[I] Q1 - L1[W] R11 C3 - L0[O] M4 ,None
6.513685,0.720238,871200,686.641431,5.982020e+02,1.928614,105415200,105415200,484,41.953305,2511814,0,0,484,2395800,43414,72600,L5[WIO] Q5 M6 - L4[IO] M2 P55 C3 Q11X - L3[] Q1 S11Y - L2[I] Q1 - L1[W] R11 - L0[O] M8 ,None
35.708820,0.261905,2395800,3764.252355,9.018396e+03,1.928614,105415200,105415200,88,3.972155,26529402,0,0,88,26353800,103002,72600,L5[WIO] Q55 M6 - L4[IO] M2 P55 C3 M4X - L3[] Q1 S11Y - L2[I] Q1 - L1[W] R11 - L0[O] M2 ,None
3.382364,0.720238,871200,356.552605,3.106286e+02,1.928614,105415200,105415200,484,279.784571,376643,0,0,484,43560,260483,72600,L5[WIO] Q5 M6 C3 - L4[IO] M2 P55 Q11X - L3[] Q1 S11Y - L2[I] Q1 - L1[W] R11 - L0[O] M8 ,None
36.224813,0.065476,9583200,3818.645873,3.659485e+04,1.928614,105415200,105415200,22,3.972155,26529402,0,0,22,26353800,103002,72600,L5[WIO] Q55 M24 - L4[IO] P55 C3 - L3[] Q1 S11Y - L2[I] Q1 - L1[W] R11 - L0[O] M4 ,None
6.158864,0.065476,9583200,649.237852,6.221776e+03,1.928614,105415200,105415200,22,47.904290,2199780,0,0,22,479160,1648020,72600,L5[WIO] Q55 M16 C3 - L4[IO] M2 P55 - L3[] Q1 S11Y - L2[I] Q1 - L1[W] R11 - L0[O] M3 ,None
4.423102,0.523810,1197900,466.262193,5.585355e+02,1.928614,105415200,105415200,176,90.085299,1169768,0,0,176,479160,618008,72600,L5[WIO] Q55 M6 C3 - L4[IO] M2 P55 M8X - L3[] Q1 S11Y - L2[I] Q1 - L1[W] R11 - L0[O] Q1 ,None
10.177197,0.720238,871200,1072.831281,9.346506e+02,1.928614,105415200,105415200,242,24.598938,4283880,0,0,242,43560,4167720,72600,L5[WIO] Q5 M96 C3 - L4[IO] P55 Q11X - L3[] Q1 S11Y - L2[I] Q1 - L1[W] R11 - L0[O] Q1 ,None
3.551494,0.523810,1197900,374.381477,4.484716e+02,1.928614,105415200,105415200,176,160.942297,654762,0,0,176,479160,103002,72600,L5[WIO] Q55 M6 - L4[IO] P55 M8X - L3[] Q1 S11Y - L2[I] Q1 - L1[W] R11 C3 - L0[O] M2 ,None
35.915280,0.392857,1597200,3786.016442,6.047025e+03,1.928614,105415200,105415200,132,3.972155,26529402,0,0,132,26353800,103002,72600,L5[WIO] Q55 M8 - L4[IO] M2 P55 C3 M6X - L3[] Q1 S11Y - L2[I] Q1 - L1[W] R11 - L0[O] Q1 ,None
2.964453,0.720238,871200,312.498425,2.722486e+02,1.928614,105415200,105415200,726,660.376377,159574,0,0,726,43560,43414,72600,L5[WIO] Q5 M8 - L4[IO] P55 Q11X - L3[] Q1 S11Y - L2[I] Q1 - L1[W] R11 C3 - L0[O] M12 ,None
4.248505,0.065476,9583200,447.856972,4.291903e+03,1.928614,105415200,105415200,22,160.942297,654762,0,0,22,479160,103002,72600,L5[WIO] Q55 M24 - L4[IO] M2 P55 - L3[] Q1 S11Y - L2[I] Q1 - L1[W] R11 C3 - L0[O] M2 ,None
4.058219,0.261905,2395800,427.798015,1.024918e+03,1.928614,105415200,105415200,88,109.340866,963765,0,0,88,479160,412005,72600,L5[WIO] Q55 M4 C3 - L4[IO] M2 P55 M4X - L3[] Q1 S11Y - L2[I] Q1 - L1[W] R11 - L0[O] M3 ,None
3.994060,0.196429,3194400,421.034680,1.344953e+03,1.928614,105415200,105415200,66,160.942297,654762,0,0,66,479160,103002,72600,L5[WIO] Q55 M16 - L4[IO] M2 P55 M3X - L3[] Q1 S11Y - L2[I] Q1 - L1[W] R11 C3 - L0[O] Q1 ,None
35.708820,0.261905,2395800,3764.252355,9.018396e+03,1.928614,105415200,105415200,88,3.972155,26529402,0,0,88,26353800,103002,72600,L5[WIO] Q55 M4 - L4[IO] M3 P55 C3 M4X - L3[] Q1 S11Y - L2[I] Q1 - L1[W] R11 - L0[O] M2 ,None
4.438609,0.720238,871200,467.896862,4.076317e+02,1.928614,105415200,105415200,242,680.711467,154807,0,0,242,43560,38647,72600,L5[WIO] Q5 - L4[IO] M96 P55 Q11X - L3[] Q1 S11Y - L2[I] Q1 - L1[W] R11 C3 - L0[O] Q1 ,None
6.173642,0.196429,3194400,650.795693,2.078902e+03,1.928614,105415200,105415200,66,47.904290,2199780,0,0,66,479160,1648020,72600,L5[WIO] Q55 M16 C3 - L4[IO] M2 P55 M3X - L3[] Q1 S11Y - L2[I] Q1 - L1[W] R11 - L0[O] Q1 ,None
35.531898,0.392857,1597200,3745.602166,5.982476e+03,1.928614,105415200,105415200,132,3.972155,26529402,0,0,132,26353800,103002,72600,L5[WIO] Q55 M8 - L4[IO] P55 C3 M6X - L3[] Q1 S11Y - L2[I] Q1 - L1[W] R11 - L0[O] M2 ,None
4.248505,0.065476,9583200,447.856972,4.291903e+03,1.928614,105415200,105415200,22,160.942297,654762,0,0,22,479160,103002,72600,L5[WIO] Q55 M12 - L4[IO] M4 P55 - L3[] Q1 S11Y - L2[I] Q1 - L1[W] R11 C3 - L0[O] M2 ,None
6.334302,0.720238,871200,667.731744,5.817279e+02,1.928614,105415200,105415200,726,41.953305,2511814,0,0,726,2395800,43414,72600,L5[WIO] Q5 M8 - L4[IO] P55 C3 Q11X - L3[] Q1 S11Y - L2[I] Q1 - L1[W] R11 - L0[O] M12 ,None
36.622965,0.196429,3194400,3860.617132,1.233236e+04,1.928614,105415200,105415200,66,3.972155,26529402,0,0,66,26353800,103002,72600,L5[WIO] Q55 M16 - L4[IO] M2 P55 C3 M3X - L3[] Q1 S11Y - L2[I] Q1 - L1[W] R11 - L0[O] Q1 ,None
3.434647,0.720238,871200,362.063955,3.154301e+02,1.928614,105415200,105415200,726,227.369409,463470,0,0,726,43560,347310,72600,L5[WIO] Q5 M8 C3 - L4[IO] P55 Q11X - L3[] Q1 S11Y - L2[I] Q1 - L1[W] R11 - L0[O] M12 ,None
37.301109,0.065476,9583200,3932.103857,3.768214e+04,1.928614,105415200,105415200,22,3.972155,26529402,0,0,22,26353800,103002,72600,L5[WIO] Q55 M24 - L4[IO] M2 P55 C3 - L3[] Q1 S11Y - L2[I] Q1 - L1[W] R11 - L0[O] M2 ,None
4.629365,0.392857,1597200,488.005429,7.794423e+02,1.928614,105415200,105415200,132,76.596306,1375770,0,0,132,479160,824010,72600,L5[WIO] Q55 M8 C3 - L4[IO] P55 M6X - L3[] Q1 S11Y - L2[I] Q1 - L1[W] R11 - L0[O] M2 ,None
4.640449,0.785714,798600,489.173810,3.906542e+02,1.928614,105415200,105415200,264,76.596306,1375770,0,0,264,479160,824010,72600,L5[WIO] Q55 M8 C3 - L4[IO] P55 M12X - L3[] Q1 S11Y - L2[I] Q1 - L1[W] R11 - L0[O] Q1 ,None
3.210494,0.720238,871200,338.434888,2.948445e+02,1.928614,105415200,105415200,484,519.138570,202988,0,0,484,43560,86828,72600,L5[WIO] Q5 M2 C3 - L4[IO] M8 P55 Q11X - L3[] Q1 S11Y - L2[I] Q1 - L1[W] R11 - L0[O] M6 ,None
3.645525,0.130952,4791600,384.293787,1.841382e+03,1.928614,105415200,105415200,44,160.942297,654762,0,0,44,479160,103002,72600,L5[WIO] Q55 M6 - L4[IO] M2 P55 M2X - L3[] Q1 S11Y - L2[I] Q1 - L1[W] R11 C3 - L0[O] M4 ,None
3.099064,0.720238,871200,326.688457,2.846110e+02,1.928614,105415200,105415200,484,660.376377,159574,0,0,484,43560,43414,72600,L5[WIO] Q5 M8 - L4[IO] M2 P55 Q11X - L3[] Q1 S11Y - L2[I] Q1 - L1[W] R11 C3 - L0[O] M6 ,None
35.694050,0.130952,4791600,3762.695373,1.802933e+04,1.928614,105415200,105415200,44,3.972155,26529402,0,0,44,26353800,103002,72600,L5[WIO] Q55 M12 - L4[IO] P55 C3 M2X - L3[] Q1 S11Y - L2[I] Q1 - L1[W] R11 - L0[O] M4 ,None
3.979282,0.065476,9583200,419.476840,4.019930e+03,1.928614,105415200,105415200,22,160.942297,654762,0,0,22,479160,103002,72600,L5[WIO] Q55 M16 - L4[IO] M2 P55 - L3[] Q1 S11Y - L2[I] Q1 - L1[W] R11 C3 - L0[O] M3 ,None
4.128296,0.261905,2395800,435.185126,1.042617e+03,1.928614,105415200,105415200,88,109.340866,963765,0,0,88,479160,412005,72600,L5[WIO] Q55 M4 C3 - L4[IO] M3 P55 M4X - L3[] Q1 S11Y - L2[I] Q1 - L1[W] R11 - L0[O] M2 ,None
3.580991,0.261905,2395800,377.490866,9.043926e+02,1.928614,105415200,105415200,88,160.942297,654762,0,0,88,479160,103002,72600,L5[WIO] Q55 M8 - L4[IO] P55 M4X - L3[] Q1 S11Y - L2[I] Q1 - L1[W] R11 C3 - L0[O] M3 ,None
2.897148,0.720238,871200,305.403409,2.660674e+02,1.928614,105415200,105415200,1452,660.376377,159574,0,0,1452,43560,43414,72600,L5[WIO] Q5 M4 - L4[IO] P55 Q11X - L3[] Q1 S11Y - L2[I] Q1 - L1[W] R11 C3 - L0[O] M24 ,None
4.625670,0.261905,2395800,487.615969,1.168230e+03,1.928614,105415200,105415200,88,76.596306,1375770,0,0,88,479160,824010,72600,L5[WIO] Q55 M8 C3 - L4[IO] P55 M4X - L3[] Q1 S11Y - L2[I] Q1 - L1[W] R11 - L0[O] M3 ,None
3.662151,0.523810,1197900,386.046357,4.624449e+02,1.928614,105415200,105415200,176,160.942297,654762,0,0,176,479160,103002,72600,L5[WIO] Q55 M12 - L4[IO] P55 M8X - L3[] Q1 S11Y - L2[I] Q1 - L1[W] R11 C3 - L0[O] Q1 ,None
36.269123,0.261905,2395800,3823.316821,9.159902e+03,1.928614,105415200,105415200,88,3.972155,26529402,0,0,88,26353800,103002,72600,L5[WIO] Q55 M4 - L4[IO] M6 P55 C3 M4X - L3[] Q1 S11Y - L2[I] Q1 - L1[W] R11 - L0[O] Q1 ,None
4.445176,0.720238,871200,468.589118,4.082348e+02,1.928614,105415200,105415200,242,660.376377,159574,0,0,242,43560,43414,72600,L5[WIO] Q5 M96 - L4[IO] P55 Q11X - L3[] Q1 S11Y - L2[I] Q1 - L1[W] R11 C3 - L0[O] Q1 ,None
6.693068,0.720238,871200,705.551050,6.146761e+02,1.928614,105415200,105415200,484,41.953305,2511814,0,0,484,2395800,43414,72600,L5[WIO] Q5 M8 - L4[IO] M2 P55 C3 Q11X - L3[] Q1 S11Y - L2[I] Q1 - L1[W] R11 - L0[O] M6 ,None
35.522052,0.261905,2395800,3744.564178,8.971227e+03,1.928614,105415200,105415200,88,3.972155,26529402,0,0,88,26353800,103002,72600,L5[WIO] Q55 M8 - L4[IO] P55 C3 M4X - L3[] Q1 S11Y - L2[I] Q1 - L1[W] R11 - L0[O] M3 ,None
3.569257,0.720238,871200,376.253987,3.277925e+02,1.928614,105415200,105415200,484,227.369409,463470,0,0,484,43560,347310,72600,L5[WIO] Q5 M8 C3 - L4[IO] M2 P55 Q11X - L3[] Q1 S11Y - L2[I] Q1 - L1[W] R11 - L0[O] M6 ,None
36.583578,0.065476,9583200,3856.465179,3.695728e+04,1.928614,105415200,105415200,22,3.972155,26529402,0,0,22,26353800,103002,72600,L5[WIO] Q55 M16 - L4[IO] M2 P55 C3 - L3[] Q1 S11Y - L2[I] Q1 - L1[W] R11 - L0[O] M3 ,None
4.889351,0.065476,9583200,515.411911,4.939295e+03,1.928614,105415200,105415200,22,76.596306,1375770,0,0,22,479160,824010,72600,L5[WIO] Q55 M8 C3 - L4[IO] M3 P55 - L3[] Q1 S11Y - L2[I] Q1 - L1[W] R11 - L0[O] M4 ,None
5.263198,0.261905,2395800,554.821035,1.329240e+03,1.928614,105415200,105415200,88,58.944162,1787775,0,0,88,479160,1236015,72600,L5[WIO] Q55 M12 C3 - L4[IO] P55 M4X - L3[] Q1 S11Y - L2[I] Q1 - L1[W] R11 - L0[O] M2 ,None
7.307108,0.720238,871200,770.280232,6.710681e+02,1.928614,105415200,105415200,242,47.899065,2200020,0,0,242,43560,2083860,72600,L5[WIO] Q5 M48 C3 - L4[IO] M2 P55 Q11X - L3[] Q1 S11Y - L2[I] Q1 - L1[W] R11 - L0[O] Q1 ,None
3.637509,0.720238,871200,383.448721,3.340605e+02,1.928614,105415200,105415200,242,660.376377,159574,0,0,242,43560,43414,72600,L5[WIO] Q5 M8 - L4[IO] M6 P55 Q11X - L3[] Q1 S11Y - L2[I] Q1 - L1[W] R11 C3 - L0[O] M2 ,None
3.728533,0.392857,1597200,393.044008,6.277699e+02,1.928614,105415200,105415200,132,160.942297,654762,0,0,132,479160,103002,72600,L5[WIO] Q55 M16 - L4[IO] P55 M6X - L3[] Q1 S11Y - L2[I] Q1 - L1[W] R11 C3 - L0[O] Q1 ,None
37.301109,0.065476,9583200,3932.103857,3.768214e+04,1.928614,105415200,105415200,22,3.972155,26529402,0,0,22,26353800,103002,72600,L5[WIO] Q55 M12 - L4[IO] M4 P55 C3 - L3[] Q1 S11Y - L2[I] Q1 - L1[W] R11 - L0[O] M2 ,None
3.595769,0.785714,798600,379.048706,3.027083e+02,1.928614,105415200,105415200,264,160.942297,654762,0,0,264,479160,103002,72600,L5[WIO] Q55 M8 - L4[IO] P55 M12X - L3[] Q1 S11Y - L2[I] Q1 - L1[W] R11 C3 - L0[O] Q1 ,None
36.224813,0.065476,9583200,3818.645873,3.659485e+04,1.928614,105415200,105415200,22,3.972155,26529402,0,0,22,26353800,103002,72600,L5[WIO] Q55 M8 - L4[IO] M3 P55 C3 - L3[] Q1 S11Y - L2[I] Q1 - L1[W] R11 - L0[O] M4 ,None
2.964453,0.720238,871200,312.498425,2.722486e+02,1.928614,105415200,105415200,726,660.376377,159574,0,0,726,43560,43414,72600,L5[WIO] Q5 M4 - L4[IO] M2 P55 Q11X - L3[] Q1 S11Y - L2[I] Q1 - L1[W] R11 C3 - L0[O] M12 ,None
3.630942,0.720238,871200,382.756466,3.334574e+02,1.928614,105415200,105415200,242,680.711467,154807,0,0,242,43560,38647,72600,L5[WIO] Q5 - L4[IO] M48 P55 Q11X - L3[] Q1 S11Y - L2[I] Q1 - L1[W] R11 C3 - L0[O] M2 ,None
4.338525,0.261905,2395800,457.346527,1.095711e+03,1.928614,105415200,105415200,88,109.340866,963765,0,0,88,479160,412005,72600,L5[WIO] Q55 M4 C3 - L4[IO] M6 P55 M4X - L3[] Q1 S11Y - L2[I] Q1 - L1[W] R11 - L0[O] Q1 ,None
5.274281,0.523810,1197900,555.989415,6.660197e+02,1.928614,105415200,105415200,176,58.944162,1787775,0,0,176,479160,1236015,72600,L5[WIO] Q55 M12 C3 - L4[IO] P55 M8X - L3[] Q1 S11Y - L2[I] Q1 - L1[W] R11 - L0[O] Q1 ,None
35.443438,0.523810,1197900,3736.277116,4.475686e+03,1.928614,105415200,105415200,176,3.972155,26529402,0,0,176,26353800,103002,72600,L5[WIO] Q55 M6 - L4[IO] P55 C3 M8X - L3[] Q1 S11Y - L2[I] Q1 - L1[W] R11 - L0[O] M2 ,None
3.099064,0.720238,871200,326.688457,2.846110e+02,1.928614,105415200,105415200,484,660.376377,159574,0,0,484,43560,43414,72600,L5[WIO] Q5 M2 - L4[IO] M8 P55 Q11X - L3[] Q1 S11Y - L2[I] Q1 - L1[W] R11 C3 - L0[O] M6 ,None
8.128130,0.720238,871200,856.828406,7.464689e+02,1.928614,105415200,105415200,242,41.953305,2511814,0,0,242,2395800,43414,72600,L5[WIO] Q5 M8 - L4[IO] M6 P55 C3 Q11X - L3[] Q1 S11Y - L2[I] Q1 - L1[W] R11 - L0[O] M2 ,None
35.738360,0.523810,1197900,3767.366320,4.512928e+03,1.928614,105415200,105415200,176,3.972155,26529402,0,0,176,26353800,103002,72600,L5[WIO] Q55 M12 - L4[IO] P55 C3 M8X - L3[] Q1 S11Y - L2[I] Q1 - L1[W] R11 - L0[O] Q1 ,None
4.107702,0.720238,871200,433.014251,3.772420e+02,1.928614,105415200,105415200,242,227.369409,463470,0,0,242,43560,347310,72600,L5[WIO] Q5 M8 C3 - L4[IO] M6 P55 Q11X - L3[] Q1 S11Y - L2[I] Q1 - L1[W] R11 - L0[O] M2 ,None
5.023962,0.065476,9583200,529.601944,5.075281e+03,1.928614,105415200,105415200,22,76.596306,1375770,0,0,22,479160,824010,72600,L5[WIO] Q55 M8 C3 - L4[IO] M4 P55 - L3[] Q1 S11Y - L2[I] Q1 - L1[W] R11 - L0[O] M3 ,None
35.561438,0.785714,798600,3748.716131,2.993725e+03,1.928614,105415200,105415200,264,3.972155,26529402,0,0,264,26353800,103002,72600,L5[WIO] Q55 M8 - L4[IO] P55 C3 M12X - L3[] Q1 S11Y - L2[I] Q1 - L1[W] R11 - L0[O] Q1 ,None
6.668302,0.065476,9583200,702.940427,6.736419e+03,1.928614,105415200,105415200,22,58.944162,1787775,0,0,22,479160,1236015,72600,L5[WIO] Q55 M12 C3 - L4[IO] M8 P55 - L3[] Q1 S11Y - L2[I] Q1 - L1[W] R11 - L0[O] Q1 ,None
3.808736,0.720238,871200,401.498626,3.497856e+02,1.928614,105415200,105415200,242,427.670636,246402,0,0,242,43560,130242,72600,L5[WIO] Q5 M3 C3 - L4[IO] M16 P55 Q11X - L3[] Q1 S11Y - L2[I] Q1 - L1[W] R11 - L0[O] M2 ,None
2.954976,0.654762,958320,311.499334,2.985160e+02,1.928614,105415200,105415200,660,508.882600,207079,0,0,660,95832,38647,72600,L5[WIO] Q11 - L4[IO] M4 P55 M2X Q5X - L3[] Q1 S11Y - L2[I] Q1 - L1[W] R11 C3 - L0[O] M12 ,None
3.579144,0.196429,3194400,377.296135,1.205235e+03,1.928614,105415200,105415200,66,160.942297,654762,0,0,66,479160,103002,72600,L5[WIO] Q55 M8 - L4[IO] P55 M3X - L3[] Q1 S11Y - L2[I] Q1 - L1[W] R11 C3 - L0[O] M4 ,None
10.280723,0.380952,1647113,1083.744441,1.785050e+03,1.928614,105415200,105415200,242,41.953305,2511814,0,0,242,2395800,43414,72600,L5[WIO] Q5 M96 - L4[IO] P55 C3 Q11X - L3[] Q1 S11Y - L2[I] Q1 - L1[W] R11 - L0[O] Q1 ,None
3.651067,0.261905,2395800,384.877977,9.220907e+02,1.928614,105415200,105415200,88,160.942297,654762,0,0,88,479160,103002,72600,L5[WIO] Q55 M12 - L4[IO] P55 M4X - L3[] Q1 S11Y - L2[I] Q1 - L1[W] R11 C3 - L0[O] M2 ,None
36.583578,0.065476,9583200,3856.465179,3.695728e+04,1.928614,105415200,105415200,22,3.972155,26529402,0,0,22,26353800,103002,72600,L5[WIO] Q55 M8 - L4[IO] M4 P55 C3 - L3[] Q1 S11Y - L2[I] Q1 - L1[W] R11 - L0[O] M3 ,None
3.031759,0.720238,871200,319.593441,2.784298e+02,1.928614,105415200,105415200,484,660.376377,159574,0,0,484,43560,43414,72600,L5[WIO] Q5 M4 - L4[IO] M3 P55 Q11X - L3[] Q1 S11Y - L2[I] Q1 - L1[W] R11 C3 - L0[O] M8 ,None
3.361720,0.720238,871200,354.376334,3.087327e+02,1.928614,105415200,105415200,242,680.711467,154807,0,0,242,43560,38647,72600,L5[WIO] Q5 - L4[IO] M32 P55 Q11X - L3[] Q1 S11Y - L2[I] Q1 - L1[W] R11 C3 - L0[O] M3 ,None
4.312446,0.523810,1197900,454.597313,5.445621e+02,1.928614,105415200,105415200,176,90.085299,1169768,0,0,176,479160,618008,72600,L5[WIO] Q55 M6 C3 - L4[IO] P55 M8X - L3[] Q1 S11Y - L2[I] Q1 - L1[W] R11 - L0[O] M2 ,None
3.689148,0.720238,871200,388.892260,3.388029e+02,1.928614,105415200,105415200,242,660.376377,159574,0,0,242,43560,43414,72600,L5[WIO] Q5 C3 - L4[IO] M48 P55 Q11X - L3[] Q1 S11Y - L2[I] Q1 - L1[W] R11 - L0[O] M2 ,None
35.694050,0.130952,4791600,3762.695373,1.802933e+04,1.928614,105415200,105415200,44,3.972155,26529402,0,0,44,26353800,103002,72600,L5[WIO] Q55 M6 - L4[IO] M2 P55 C3 M2X - L3[] Q1 S11Y - L2[I] Q1 - L1[W] R11 - L0[O] M4 ,None
4.445176,0.720238,871200,468.589118,4.082348e+02,1.928614,105415200,105415200,242,660.376377,159574,0,0,242,43560,43414,72600,L5[WIO] Q5 M48 - L4[IO] M2 P55 Q11X - L3[] Q1 S11Y - L2[I] Q1 - L1[W] R11 C3 - L0[O] Q1 ,None
9.641723,0.654762,958320,1016.384180,9.740213e+02,1.928614,105415200,105415200,660,19.579852,5382007,0,0,660,5270760,38647,72600,L5[WIO] Q11 - L4[IO] M4 P55 C3 M2X Q5X - L3[] Q1 S11Y - L2[I] Q1 - L1[W] R11 - L0[O] M12 ,None
8.121563,0.720238,871200,856.136151,7.458658e+02,1.928614,105415200,105415200,242,42.033077,2507047,0,0,242,2395800,38647,72600,L5[WIO] Q5 - L4[IO] M48 P55 C3 Q11X - L3[] Q1 S11Y - L2[I] Q1 - L1[W] R11 - L0[O] M2 ,None
3.023032,0.654762,958320,318.673511,3.053912e+02,1.928614,105415200,105415200,660,481.188783,218997,0,0,660,95832,50565,72600,L5[WIO] Q11 C3 - L4[IO] M4 P55 M2X Q5X - L3[] Q1 S11Y - L2[I] Q1 - L1[W] R11 - L0[O] M12 ,None
4.496815,0.720238,871200,474.032656,4.129773e+02,1.928614,105415200,105415200,242,660.376377,159574,0,0,242,43560,43414,72600,L5[WIO] Q5 C3 - L4[IO] M96 P55 Q11X - L3[] Q1 S11Y - L2[I] Q1 - L1[W] R11 - L0[O] Q1 ,None
35.708820,0.261905,2395800,3764.252355,9.018396e+03,1.928614,105415200,105415200,88,3.972155,26529402,0,0,88,26353800,103002,72600,L5[WIO] Q55 M12 - L4[IO] P55 C3 M4X - L3[] Q1 S11Y - L2[I] Q1 - L1[W] R11 - L0[O] M2 ,None
3.479717,0.720238,871200,366.815020,3.195692e+02,1.928614,105415200,105415200,242,519.138570,202988,0,0,242,43560,86828,72600,L5[WIO] Q5 M2 C3 - L4[IO] M16 P55 Q11X - L3[] Q1 S11Y - L2[I] Q1 - L1[W] R11 - L0[O] M3 ,None
6.350411,0.720238,871200,669.429882,5.832073e+02,1.928614,105415200,105415200,242,70.000598,1505400,0,0,242,43560,1389240,72600,L5[WIO] Q5 M32 C3 - L4[IO] M3 P55 Q11X - L3[] Q1 S11Y - L2[I] Q1 - L1[W] R11 - L0[O] Q1 ,None
3.713754,0.130952,4791600,391.486168,1.875845e+03,1.928614,105415200,105415200,44,160.942297,654762,0,0,44,479160,103002,72600,L5[WIO] Q55 M8 - L4[IO] M2 P55 M2X - L3[] Q1 S11Y - L2[I] Q1 - L1[W] R11 C3 - L0[O] M3 ,None
2.970469,0.327381,1916640,313.132608,6.001625e+02,1.928614,105415200,105415200,660,481.188783,218997,0,0,660,95832,50565,72600,L5[WIO] Q11 M2 - L4[IO] M2 P55 Q5X - L3[] Q1 S11Y - L2[I] Q1 - L1[W] R11 C3 - L0[O] M24 ,None
6.693068,0.720238,871200,705.551050,6.146761e+02,1.928614,105415200,105415200,484,41.953305,2511814,0,0,484,2395800,43414,72600,L5[WIO] Q5 M2 - L4[IO] M8 P55 C3 Q11X - L3[] Q1 S11Y - L2[I] Q1 - L1[W] R11 - L0[O] M6 ,None
5.056172,0.065476,9583200,532.997368,5.107820e+03,1.928614,105415200,105415200,22,160.942297,654762,0,0,22,479160,103002,72600,L5[WIO] Q55 M12 - L4[IO] M8 P55 - L3[] Q1 S11Y - L2[I] Q1 - L1[W] R11 C3 - L0[O] Q1 ,None
2.930800,0.720238,871200,308.950897,2.691580e+02,1.928614,105415200,105415200,968,660.376377,159574,0,0,968,43560,43414,72600,L5[WIO] Q5 M6 - L4[IO] P55 Q11X - L3[] Q1 S11Y - L2[I] Q1 - L1[W] R11 C3 - L0[O] M16 ,None
10.274156,0.380952,1647113,1083.052185,1.783909e+03,1.928614,105415200,105415200,242,42.033077,2507047,0,0,242,2395800,38647,72600,L5[WIO] Q5 - L4[IO] M96 P55 C3 Q11X - L3[] Q1 S11Y - L2[I] Q1 - L1[W] R11 - L0[O] Q1 ,None
3.092497,0.720238,871200,325.996201,2.840079e+02,1.928614,105415200,105415200,484,680.711467,154807,0,0,484,43560,38647,72600,L5[WIO] Q5 - L4[IO] M16 P55 Q11X - L3[] Q1 S11Y - L2[I] Q1 - L1[W] R11 C3 - L0[O] M6 ,None
3.419925,0.720238,871200,360.512128,3.140782e+02,1.928614,105415200,105415200,242,660.376377,159574,0,0,242,43560,43414,72600,L5[WIO] Q5 C3 - L4[IO] M32 P55 Q11X - L3[] Q1 S11Y - L2[I] Q1 - L1[W] R11 - L0[O] M3 ,None
4.406477,0.130952,4791600,464.509623,2.225744e+03,1.928614,105415200,105415200,44,90.085299,1169768,0,0,44,479160,618008,72600,L5[WIO] Q55 M6 C3 - L4[IO] M2 P55 M2X - L3[] Q1 S11Y - L2[I] Q1 - L1[W] R11 - L0[O] M4 ,None
3.637509,0.720238,871200,383.448721,3.340605e+02,1.928614,105415200,105415200,242,660.376377,159574,0,0,242,43560,43414,72600,L5[WIO] Q5 M3 - L4[IO] M16 P55 Q11X - L3[] Q1 S11Y - L2[I] Q1 - L1[W] R11 C3 - L0[O] M2 ,None
35.915280,0.392857,1597200,3786.016442,6.047025e+03,1.928614,105415200,105415200,132,3.972155,26529402,0,0,132,26353800,103002,72600,L5[WIO] Q55 M16 - L4[IO] P55 C3 M6X - L3[] Q1 S11Y - L2[I] Q1 - L1[W] R11 - L0[O] Q1 ,None
9.655679,0.327381,1916640,1017.855321,1.950862e+03,1.928614,105415200,105415200,660,19.536590,5393925,0,0,660,5270760,50565,72600,L5[WIO] Q11 M2 - L4[IO] M2 P55 C3 Q5X - L3[] Q1 S11Y - L2[I] Q1 - L1[W] R11 - L0[O] M24 ,None
7.404032,0.720238,871200,780.497472,6.799694e+02,1.928614,105415200,105415200,242,42.033077,2507047,0,0,242,2395800,38647,72600,L5[WIO] Q5 - L4[IO] M32 P55 C3 Q11X - L3[] Q1 S11Y - L2[I] Q1 - L1[W] R11 - L0[O] M3 ,None
3.091750,0.327381,1916640,325.917422,6.246664e+02,1.928614,105415200,105415200,660,390.927842,269561,0,0,660,95832,101129,72600,L5[WIO] Q11 M2 C3 - L4[IO] M2 P55 Q5X - L3[] Q1 S11Y - L2[I] Q1 - L1[W] R11 - L0[O] M24 ,None
2.974925,0.720238,871200,313.602312,2.732103e+02,1.928614,105415200,105415200,2904,519.138570,202988,0,0,2904,43560,86828,72600,L5[WIO] Q5 M2 C3 - L4[IO] P55 Q11X - L3[] Q1 S11Y - L2[I] Q1 - L1[W] R11 - L0[O] M48 ,None
39.453702,0.065476,9583200,4159.019892,3.985672e+04,1.928614,105415200,105415200,22,3.972155,26529402,0,0,22,26353800,103002,72600,L5[WIO] Q55 M12 - L4[IO] M8 P55 C3 - L3[] Q1 S11Y - L2[I] Q1 - L1[W] R11 - L0[O] Q1 ,None
3.345106,0.720238,871200,352.624988,3.072069e+02,1.928614,105415200,105415200,242,519.138570,202988,0,0,242,43560,86828,72600,L5[WIO] Q5 M2 C3 - L4[IO] M12 P55 Q11X - L3[] Q1 S11Y - L2[I] Q1 - L1[W] R11 - L0[O] M4 ,None
3.868527,0.720238,871200,407.801519,3.552767e+02,1.928614,105415200,105415200,242,363.607474,289815,0,0,242,43560,173655,72600,L5[WIO] Q5 M4 C3 - L4[IO] M12 P55 Q11X - L3[] Q1 S11Y - L2[I] Q1 - L1[W] R11 - L0[O] M2 ,None
3.642754,0.065476,9583200,384.001691,3.679965e+03,1.928614,105415200,105415200,44,160.942297,654762,0,0,44,479160,103002,72600,L5[WIO] Q55 M12 - L4[IO] P55 - L3[] Q1 S11Y - L2[I] Q1 - L1[W] R11 C3 - L0[O] M8 ,None
4.518497,0.327381,1916640,476.318317,9.129307e+02,1.928614,105415200,105415200,110,481.188783,218997,0,0,110,95832,50565,72600,L5[WIO] Q11 M2 - L4[IO] M48 P55 Q5X - L3[] Q1 S11Y - L2[I] Q1 - L1[W] R11 C3 - L0[O] Q1 ,None
10.280723,0.380952,1647113,1083.744441,1.785050e+03,1.928614,105415200,105415200,242,41.953305,2511814,0,0,242,2395800,43414,72600,L5[WIO] Q5 M48 - L4[IO] M2 P55 C3 Q11X - L3[] Q1 S11Y - L2[I] Q1 - L1[W] R11 - L0[O] Q1 ,None
3.368286,0.720238,871200,355.068589,3.093358e+02,1.928614,105415200,105415200,242,660.376377,159574,0,0,242,43560,43414,72600,L5[WIO] Q5 M2 - L4[IO] M16 P55 Q11X - L3[] Q1 S11Y - L2[I] Q1 - L1[W] R11 C3 - L0[O] M3 ,None
3.233676,0.720238,871200,340.878557,2.969734e+02,1.928614,105415200,105415200,242,660.376377,159574,0,0,242,43560,43414,72600,L5[WIO] Q5 M8 - L4[IO] M3 P55 Q11X - L3[] Q1 S11Y - L2[I] Q1 - L1[W] R11 C3 - L0[O] M4 ,None
6.065228,0.720238,871200,639.367263,5.570168e+02,1.928614,105415200,105415200,2904,41.953305,2511814,0,0,2904,2395800,43414,72600,L5[WIO] Q5 M2 - L4[IO] P55 C3 Q11X - L3[] Q1 S11Y - L2[I] Q1 - L1[W] R11 - L0[O] M48 ,None
2.930800,0.720238,871200,308.950897,2.691580e+02,1.928614,105415200,105415200,968,660.376377,159574,0,0,968,43560,43414,72600,L5[WIO] Q5 M2 - L4[IO] M3 P55 Q11X - L3[] Q1 S11Y - L2[I] Q1 - L1[W] R11 C3 - L0[O] M16 ,None
3.150703,0.720238,871200,332.131995,2.893534e+02,1.928614,105415200,105415200,484,660.376377,159574,0,0,484,43560,43414,72600,L5[WIO] Q5 C3 - L4[IO] M16 P55 Q11X - L3[] Q1 S11Y - L2[I] Q1 - L1[W] R11 - L0[O] M6 ,None
4.445176,0.720238,871200,468.589118,4.082348e+02,1.928614,105415200,105415200,242,660.376377,159574,0,0,242,43560,43414,72600,L5[WIO] Q5 M32 - L4[IO] M3 P55 Q11X - L3[] Q1 S11Y - L2[I] Q1 - L1[W] R11 C3 - L0[O] Q1 ,None
5.908114,0.392857,1597200,622.805020,9.947442e+02,1.928614,105415200,105415200,132,47.904290,2199780,0,0,132,479160,1648020,72600,L5[WIO] Q55 M16 C3 - L4[IO] P55 M6X - L3[] Q1 S11Y - L2[I] Q1 - L1[W] R11 - L0[O] Q1 ,None
35.517128,0.196429,3194400,3744.045183,1.195998e+04,1.928614,105415200,105415200,66,3.972155,26529402,0,0,66,26353800,103002,72600,L5[WIO] Q55 M8 - L4[IO] P55 C3 M3X - L3[] Q1 S11Y - L2[I] Q1 - L1[W] R11 - L0[O] M4 ,None
13.781482,0.327381,1916640,1452.777704,2.784452e+03,1.928614,105415200,105415200,110,19.536590,5393925,0,0,110,5270760,50565,72600,L5[WIO] Q11 M2 - L4[IO] M48 P55 C3 Q5X - L3[] Q1 S11Y - L2[I] Q1 - L1[W] R11 - L0[O] Q1 ,None
6.686501,0.720238,871200,704.858794,6.140730e+02,1.928614,105415200,105415200,484,42.033077,2507047,0,0,484,2395800,38647,72600,L5[WIO] Q5 - L4[IO] M16 P55 C3 Q11X - L3[] Q1 S11Y - L2[I] Q1 - L1[W] R11 - L0[O] M6 ,None
4.639778,0.327381,1916640,489.103131,9.374346e+02,1.928614,105415200,105415200,110,390.927842,269561,0,0,110,95832,101129,72600,L5[WIO] Q11 M2 C3 - L4[IO] M48 P55 Q5X - L3[] Q1 S11Y - L2[I] Q1 - L1[W] R11 - L0[O] Q1 ,None
3.051548,0.720238,871200,321.679516,2.802472e+02,1.928614,105415200,105415200,1936,427.670636,246402,0,0,1936,43560,130242,72600,L5[WIO] Q5 M3 C3 - L4[IO] P55 Q11X - L3[] Q1 S11Y - L2[I] Q1 - L1[W] R11 - L0[O] M32 ,None
7.410599,0.720238,871200,781.189728,6.805725e+02,1.928614,105415200,105415200,242,41.953305,2511814,0,0,242,2395800,43414,72600,L5[WIO] Q5 M2 - L4[IO] M16 P55 C3 Q11X - L3[] Q1 S11Y - L2[I] Q1 - L1[W] R11 - L0[O] M3 ,None
6.499441,0.720238,871200,685.139835,5.968938e+02,1.928614,105415200,105415200,242,47.899065,2200020,0,0,242,43560,2083860,72600,L5[WIO] Q5 M48 C3 - L4[IO] P55 Q11X - L3[] Q1 S11Y - L2[I] Q1 - L1[W] R11 - L0[O] M2 ,None
5.872066,0.720238,871200,619.004998,5.392772e+02,1.928614,105415200,105415200,242,90.993705,1158090,0,0,242,43560,1041930,72600,L5[WIO] Q5 M24 C3 - L4[IO] M4 P55 Q11X - L3[] Q1 S11Y - L2[I] Q1 - L1[W] R11 - L0[O] Q1 ,None
4.259588,0.130952,4791600,449.025352,2.151550e+03,1.928614,105415200,105415200,44,160.942297,654762,0,0,44,479160,103002,72600,L5[WIO] Q55 M12 - L4[IO] M4 P55 M2X - L3[] Q1 S11Y - L2[I] Q1 - L1[W] R11 C3 - L0[O] Q1 ,None
3.005507,0.654762,958320,316.826142,3.036208e+02,1.928614,105415200,105415200,440,481.188783,218997,0,0,440,95832,50565,72600,L5[WIO] Q11 M2 - L4[IO] M3 P55 M2X Q5X - L3[] Q1 S11Y - L2[I] Q1 - L1[W] R11 C3 - L0[O] M8 ,None
8.128130,0.720238,871200,856.828406,7.464689e+02,1.928614,105415200,105415200,242,41.953305,2511814,0,0,242,2395800,43414,72600,L5[WIO] Q5 M3 - L4[IO] M16 P55 C3 Q11X - L3[] Q1 S11Y - L2[I] Q1 - L1[W] R11 - L0[O] M2 ,None
3.233676,0.720238,871200,340.878557,2.969734e+02,1.928614,105415200,105415200,242,660.376377,159574,0,0,242,43560,43414,72600,L5[WIO] Q5 M2 - L4[IO] M12 P55 Q11X - L3[] Q1 S11Y - L2[I] Q1 - L1[W] R11 C3 - L0[O] M4 ,None
3.368286,0.720238,871200,355.068589,3.093358e+02,1.928614,105415200,105415200,242,660.376377,159574,0,0,242,43560,43414,72600,L5[WIO] Q5 M8 - L4[IO] M4 P55 Q11X - L3[] Q1 S11Y - L2[I] Q1 - L1[W] R11 C3 - L0[O] M3 ,None
6.110074,0.720238,871200,644.094709,5.611353e+02,1.928614,105415200,105415200,1936,41.953305,2511814,0,0,1936,2395800,43414,72600,L5[WIO] Q5 M3 - L4[IO] P55 C3 Q11X - L3[] Q1 S11Y - L2[I] Q1 - L1[W] R11 - L0[O] M32 ,None
3.031759,0.720238,871200,319.593441,2.784298e+02,1.928614,105415200,105415200,484,660.376377,159574,0,0,484,43560,43414,72600,L5[WIO] Q5 M2 - L4[IO] M6 P55 Q11X - L3[] Q1 S11Y - L2[I] Q1 - L1[W] R11 C3 - L0[O] M8 ,None
3.042230,0.720238,871200,320.697328,2.793915e+02,1.928614,105415200,105415200,968,519.138570,202988,0,0,968,43560,86828,72600,L5[WIO] Q5 M2 C3 - L4[IO] M3 P55 Q11X - L3[] Q1 S11Y - L2[I] Q1 - L1[W] R11 - L0[O] M16 ,None
3.637509,0.720238,871200,383.448721,3.340605e+02,1.928614,105415200,105415200,242,660.376377,159574,0,0,242,43560,43414,72600,L5[WIO] Q5 M4 - L4[IO] M12 P55 Q11X - L3[] Q1 S11Y - L2[I] Q1 - L1[W] R11 C3 - L0[O] M2 ,None
4.623823,0.196429,3194400,487.421239,1.557018e+03,1.928614,105415200,105415200,66,76.596306,1375770,0,0,66,479160,824010,72600,L5[WIO] Q55 M8 C3 - L4[IO] P55 M3X - L3[] Q1 S11Y - L2[I] Q1 - L1[W] R11 - L0[O] M4 ,None
35.875894,0.130952,4791600,3781.864489,1.812118e+04,1.928614,105415200,105415200,44,3.972155,26529402,0,0,44,26353800,103002,72600,L5[WIO] Q55 M8 - L4[IO] M2 P55 C3 M2X - L3[] Q1 S11Y - L2[I] Q1 - L1[W] R11 - L0[O] M3 ,None
9.749063,0.654762,958320,1027.699457,9.848649e+02,1.928614,105415200,105415200,440,19.536590,5393925,0,0,440,5270760,50565,72600,L5[WIO] Q11 M2 - L4[IO] M3 P55 C3 M2X Q5X - L3[] Q1 S11Y - L2[I] Q1 - L1[W] R11 - L0[O] M8 ,None
6.244611,0.720238,871200,658.276949,5.734909e+02,1.928614,105415200,105415200,968,41.953305,2511814,0,0,968,2395800,43414,72600,L5[WIO] Q5 M2 - L4[IO] M3 P55 C3 Q11X - L3[] Q1 S11Y - L2[I] Q1 - L1[W] R11 - L0[O] M16 ,None
3.126788,0.654762,958320,329.610957,3.158728e+02,1.928614,105415200,105415200,440,390.927842,269561,0,0,440,95832,101129,72600,L5[WIO] Q11 M2 C3 - L4[IO] M3 P55 M2X Q5X - L3[] Q1 S11Y - L2[I] Q1 - L1[W] R11 - L0[O] M8 ,None
4.616403,0.720238,871200,486.639023,4.239599e+02,1.928614,105415200,105415200,242,427.670636,246402,0,0,242,43560,130242,72600,L5[WIO] Q5 M3 C3 - L4[IO] M32 P55 Q11X - L3[] Q1 S11Y - L2[I] Q1 - L1[W] R11 - L0[O] Q1 ,None
7.051833,0.720238,871200,743.370423,6.476243e+02,1.928614,105415200,105415200,242,41.953305,2511814,0,0,242,2395800,43414,72600,L5[WIO] Q5 M2 - L4[IO] M12 P55 C3 Q11X - L3[] Q1 S11Y - L2[I] Q1 - L1[W] R11 - L0[O] M4 ,None
3.404902,0.720238,871200,358.928462,3.126985e+02,1.928614,105415200,105415200,242,427.670636,246402,0,0,242,43560,130242,72600,L5[WIO] Q5 M3 C3 - L4[IO] M8 P55 Q11X - L3[] Q1 S11Y - L2[I] Q1 - L1[W] R11 - L0[O] M4 ,None
8.128130,0.720238,871200,856.828406,7.464689e+02,1.928614,105415200,105415200,242,41.953305,2511814,0,0,242,2395800,43414,72600,L5[WIO] Q5 M48 - L4[IO] P55 C3 Q11X - L3[] Q1 S11Y - L2[I] Q1 - L1[W] R11 - L0[O] M2 ,None
2.890581,0.720238,871200,304.711153,2.654644e+02,1.928614,105415200,105415200,1452,680.711467,154807,0,0,1452,43560,38647,72600,L5[WIO] Q5 - L4[IO] M4 P55 Q11X - L3[] Q1 S11Y - L2[I] Q1 - L1[W] R11 C3 - L0[O] M24 ,None
3.721914,0.654762,958320,392.346301,3.759933e+02,1.928614,105415200,105415200,220,481.188783,218997,0,0,220,95832,50565,72600,L5[WIO] Q11 M2 - L4[IO] M24 P55 M2X Q5X - L3[] Q1 S11Y - L2[I] Q1 - L1[W] R11 C3 - L0[O] Q1 ,None
10.280723,0.380952,1647113,1083.744441,1.785050e+03,1.928614,105415200,105415200,242,41.953305,2511814,0,0,242,2395800,43414,72600,L5[WIO] Q5 M32 - L4[IO] M3 P55 C3 Q11X - L3[] Q1 S11Y - L2[I] Q1 - L1[W] R11 - L0[O] Q1 ,None
3.637509,0.720238,871200,383.448721,3.340605e+02,1.928614,105415200,105415200,242,660.376377,159574,0,0,242,43560,43414,72600,L5[WIO] Q5 M48 - L4[IO] P55 Q11X - L3[] Q1 S11Y - L2[I] Q1 - L1[W] R11 C3 - L0[O] M2 ,None
10.280723,0.380952,1647113,1083.744441,1.785050e+03,1.928614,105415200,105415200,242,41.953305,2511814,0,0,242,2395800,43414,72600,L5[WIO] Q5 M3 - L4[IO] M32 P55 C3 Q11X - L3[] Q1 S11Y - L2[I] Q1 - L1[W] R11 - L0[O] Q1 ,None
4.445176,0.720238,871200,468.589118,4.082348e+02,1.928614,105415200,105415200,242,660.376377,159574,0,0,242,43560,43414,72600,L5[WIO] Q5 M8 - L4[IO] M12 P55 Q11X - L3[] Q1 S11Y - L2[I] Q1 - L1[W] R11 C3 - L0[O] Q1 ,None
3.099064,0.720238,871200,326.688457,2.846110e+02,1.928614,105415200,105415200,484,660.376377,159574,0,0,484,43560,43414,72600,L5[WIO] Q5 M4 - L4[IO] M4 P55 Q11X - L3[] Q1 S11Y - L2[I] Q1 - L1[W] R11 C3 - L0[O] M6 ,None
3.143189,0.720238,871200,331.339872,2.886633e+02,1.928614,105415200,105415200,484,519.138570,202988,0,0,484,43560,86828,72600,L5[WIO] Q5 M2 C3 - L4[IO] M6 P55 Q11X - L3[] Q1 S11Y - L2[I] Q1 - L1[W] R11 - L0[O] M8 ,None
4.445176,0.720238,871200,468.589118,4.082348e+02,1.928614,105415200,105415200,242,660.376377,159574,0,0,242,43560,43414,72600,L5[WIO] Q5 M24 - L4[IO] M4 P55 Q11X - L3[] Q1 S11Y - L2[I] Q1 - L1[W] R11 C3 - L0[O] Q1 ,None
4.758434,0.130952,4791600,501.611271,2.403521e+03,1.928614,105415200,105415200,44,76.596306,1375770,0,0,44,479160,824010,72600,L5[WIO] Q55 M8 C3 - L4[IO] M2 P55 M2X - L3[] Q1 S11Y - L2[I] Q1 - L1[W] R11 - L0[O] M3 ,None
35.686665,0.065476,9583200,3761.916882,3.605120e+04,1.928614,105415200,105415200,44,3.972155,26529402,0,0,44,26353800,103002,72600,L5[WIO] Q55 M12 - L4[IO] P55 C3 - L3[] Q1 S11Y - L2[I] Q1 - L1[W] R11 - L0[O] M8 ,None
11.658429,0.654762,958320,1228.975634,1.177752e+03,1.928614,105415200,105415200,220,19.536590,5393925,0,0,220,5270760,50565,72600,L5[WIO] Q11 M2 - L4[IO] M24 P55 C3 M2X Q5X - L3[] Q1 S11Y - L2[I] Q1 - L1[W] R11 - L0[O] Q1 ,None
6.513685,0.720238,871200,686.641431,5.982020e+02,1.928614,105415200,105415200,484,41.953305,2511814,0,0,484,2395800,43414,72600,L5[WIO] Q5 M2 - L4[IO] M6 P55 C3 Q11X - L3[] Q1 S11Y - L2[I] Q1 - L1[W] R11 - L0[O] M8 ,None
3.843194,0.654762,958320,405.131115,3.882453e+02,1.928614,105415200,105415200,220,390.927842,269561,0,0,220,95832,101129,72600,L5[WIO] Q11 M2 C3 - L4[IO] M24 P55 M2X Q5X - L3[] Q1 S11Y - L2[I] Q1 - L1[W] R11 - L0[O] Q1 ,None
3.128166,0.720238,871200,329.756206,2.872836e+02,1.928614,105415200,105415200,1452,363.607474,289815,0,0,1452,43560,173655,72600,L5[WIO] Q5 M4 C3 - L4[IO] P55 Q11X - L3[] Q1 S11Y - L2[I] Q1 - L1[W] R11 - L0[O] M24 ,None
4.047603,0.720238,871200,426.678872,3.717226e+02,1.928614,105415200,105415200,484,129.972249,810780,0,0,484,43560,694620,72600,L5[WIO] Q5 M16 C3 - L4[IO] P55 Q11X - L3[] Q1 S11Y - L2[I] Q1 - L1[W] R11 - L0[O] M6 ,None
7.051833,0.720238,871200,743.370423,6.476243e+02,1.928614,105415200,105415200,242,41.953305,2511814,0,0,242,2395800,43414,72600,L5[WIO] Q5 M3 - L4[IO] M8 P55 C3 Q11X - L3[] Q1 S11Y - L2[I] Q1 - L1[W] R11 - L0[O] M4 ,None
5.273522,0.720238,871200,555.909353,4.843082e+02,1.928614,105415200,105415200,242,70.000598,1505400,0,0,242,43560,1389240,72600,L5[WIO] Q5 M32 C3 - L4[IO] P55 Q11X - L3[] Q1 S11Y - L2[I] Q1 - L1[W] R11 - L0[O] M3 ,None
3.227109,0.720238,871200,340.186301,2.963703e+02,1.928614,105415200,105415200,242,680.711467,154807,0,0,242,43560,38647,72600,L5[WIO] Q5 - L4[IO] M24 P55 Q11X - L3[] Q1 S11Y - L2[I] Q1 - L1[W] R11 C3 - L0[O] M4 ,None
3.176080,0.654762,958320,334.807116,3.208524e+02,1.928614,105415200,105415200,220,481.188783,218997,0,0,220,95832,50565,72600,L5[WIO] Q11 M2 - L4[IO] M8 P55 M2X Q5X - L3[] Q1 S11Y - L2[I] Q1 - L1[W] R11 C3 - L0[O] M3 ,None
8.128130,0.720238,871200,856.828406,7.464689e+02,1.928614,105415200,105415200,242,41.953305,2511814,0,0,242,2395800,43414,72600,L5[WIO] Q5 M4 - L4[IO] M12 P55 C3 Q11X - L3[] Q1 S11Y - L2[I] Q1 - L1[W] R11 - L0[O] M2 ,None
3.233676,0.720238,871200,340.878557,2.969734e+02,1.928614,105415200,105415200,242,660.376377,159574,0,0,242,43560,43414,72600,L5[WIO] Q5 M3 - L4[IO] M8 P55 Q11X - L3[] Q1 S11Y - L2[I] Q1 - L1[W] R11 C3 - L0[O] M4 ,None
6.154919,0.720238,871200,648.822058,5.652538e+02,1.928614,105415200,105415200,1452,41.953305,2511814,0,0,1452,2395800,43414,72600,L5[WIO] Q5 M4 - L4[IO] P55 C3 Q11X - L3[] Q1 S11Y - L2[I] Q1 - L1[W] R11 - L0[O] M24 ,None
2.989090,0.654762,958320,315.095504,3.019623e+02,1.928614,105415200,105415200,440,508.882600,207079,0,0,440,95832,38647,72600,L5[WIO] Q11 - L4[IO] M6 P55 M2X Q5X - L3[] Q1 S11Y - L2[I] Q1 - L1[W] R11 C3 - L0[O] M8 ,None
3.694413,0.327381,1916640,389.447282,7.464302e+02,1.928614,105415200,105415200,110,508.882600,207079,0,0,110,95832,38647,72600,L5[WIO] Q11 - L4[IO] M48 P55 Q5X - L3[] Q1 S11Y - L2[I] Q1 - L1[W] R11 C3 - L0[O] M2 ,None
3.330082,0.720238,871200,351.041255,3.058271e+02,1.928614,105415200,105415200,484,363.607474,289815,0,0,484,43560,173655,72600,L5[WIO] Q5 M4 C3 - L4[IO] M4 P55 Q11X - L3[] Q1 S11Y - L2[I] Q1 - L1[W] R11 - L0[O] M6 ,None
3.099064,0.720238,871200,326.688457,2.846110e+02,1.928614,105415200,105415200,484,660.376377,159574,0,0,484,43560,43414,72600,L5[WIO] Q5 M16 - L4[IO] P55 Q11X - L3[] Q1 S11Y - L2[I] Q1 - L1[W] R11 C3 - L0[O] M6 ,None
5.254885,0.065476,9583200,553.944750,5.308563e+03,1.928614,105415200,105415200,44,58.944162,1787775,0,0,44,479160,1236015,72600,L5[WIO] Q55 M12 C3 - L4[IO] P55 - L3[] Q1 S11Y - L2[I] Q1 - L1[W] R11 - L0[O] M8 ,None
37.330649,0.130952,4791600,3935.217822,1.885599e+04,1.928614,105415200,105415200,44,3.972155,26529402,0,0,44,26353800,103002,72600,L5[WIO] Q55 M12 - L4[IO] M4 P55 C3 M2X - L3[] Q1 S11Y - L2[I] Q1 - L1[W] R11 - L0[O] Q1 ,None
10.203674,0.654762,958320,1075.622301,1.030790e+03,1.928614,105415200,105415200,220,19.536590,5393925,0,0,220,5270760,50565,72600,L5[WIO] Q11 M2 - L4[IO] M8 P55 C3 M2X Q5X - L3[] Q1 S11Y - L2[I] Q1 - L1[W] R11 - L0[O] M3 ,None
6.693068,0.720238,871200,705.551050,6.146761e+02,1.928614,105415200,105415200,484,41.953305,2511814,0,0,484,2395800,43414,72600,L5[WIO] Q5 M4 - L4[IO] M4 P55 C3 Q11X - L3[] Q1 S11Y - L2[I] Q1 - L1[W] R11 - L0[O] M6 ,None
3.297361,0.654762,958320,347.591931,3.331043e+02,1.928614,105415200,105415200,220,390.927842,269561,0,0,220,95832,101129,72600,L5[WIO] Q11 M2 C3 - L4[IO] M8 P55 M2X Q5X - L3[] Q1 S11Y - L2[I] Q1 - L1[W] R11 - L0[O] M3 ,None
3.195471,0.720238,871200,336.851222,2.934648e+02,1.928614,105415200,105415200,726,363.607474,289815,0,0,726,43560,173655,72600,L5[WIO] Q5 M4 C3 - L4[IO] M2 P55 Q11X - L3[] Q1 S11Y - L2[I] Q1 - L1[W] R11 - L0[O] M12 ,None
4.586048,0.720238,871200,483.439136,4.211722e+02,1.928614,105415200,105415200,242,129.972249,810780,0,0,242,43560,694620,72600,L5[WIO] Q5 M16 C3 - L4[IO] M3 P55 Q11X - L3[] Q1 S11Y - L2[I] Q1 - L1[W] R11 - L0[O] M2 ,None
7.410599,0.720238,871200,781.189728,6.805725e+02,1.928614,105415200,105415200,242,41.953305,2511814,0,0,242,2395800,43414,72600,L5[WIO] Q5 M32 - L4[IO] P55 C3 Q11X - L3[] Q1 S11Y - L2[I] Q1 - L1[W] R11 - L0[O] M3 ,None
2.924233,0.720238,871200,308.258642,2.685549e+02,1.928614,105415200,105415200,968,680.711467,154807,0,0,968,43560,38647,72600,L5[WIO] Q5 - L4[IO] M6 P55 Q11X - L3[] Q1 S11Y - L2[I] Q1 - L1[W] R11 C3 - L0[O] M16 ,None
3.464693,0.720238,871200,365.231355,3.181896e+02,1.928614,105415200,105415200,242,363.607474,289815,0,0,242,43560,173655,72600,L5[WIO] Q5 M4 C3 - L4[IO] M6 P55 Q11X - L3[] Q1 S11Y - L2[I] Q1 - L1[W] R11 - L0[O] M4 ,None
3.004122,0.327381,1916640,316.680088,6.069617e+02,1.928614,105415200,105415200,440,481.188783,218997,0,0,440,95832,50565,72600,L5[WIO] Q11 M3 - L4[IO] M2 P55 Q5X - L3[] Q1 S11Y - L2[I] Q1 - L1[W] R11 C3 - L0[O] M16 ,None
10.280723,0.380952,1647113,1083.744441,1.785050e+03,1.928614,105415200,105415200,242,41.953305,2511814,0,0,242,2395800,43414,72600,L5[WIO] Q5 M24 - L4[IO] M4 P55 C3 Q11X - L3[] Q1 S11Y - L2[I] Q1 - L1[W] R11 - L0[O] Q1 ,None
3.368286,0.720238,871200,355.068589,3.093358e+02,1.928614,105415200,105415200,242,660.376377,159574,0,0,242,43560,43414,72600,L5[WIO] Q5 M32 - L4[IO] P55 Q11X - L3[] Q1 S11Y - L2[I] Q1 - L1[W] R11 C3 - L0[O] M3 ,None
6.334302,0.720238,871200,667.731744,5.817279e+02,1.928614,105415200,105415200,726,41.953305,2511814,0,0,726,2395800,43414,72600,L5[WIO] Q5 M4 - L4[IO] M2 P55 C3 Q11X - L3[] Q1 S11Y - L2[I] Q1 - L1[W] R11 - L0[O] M12 ,None
2.954335,0.654762,958320,311.431846,2.984514e+02,1.928614,105415200,105415200,880,481.188783,218997,0,0,880,95832,50565,72600,L5[WIO] Q11 M3 - L4[IO] P55 M2X Q5X - L3[] Q1 S11Y - L2[I] Q1 - L1[W] R11 C3 - L0[O] M16 ,None
3.425191,0.327381,1916640,361.067150,6.920357e+02,1.928614,105415200,105415200,110,508.882600,207079,0,0,110,95832,38647,72600,L5[WIO] Q11 - L4[IO] M32 P55 Q5X - L3[] Q1 S11Y - L2[I] Q1 - L1[W] R11 C3 - L0[O] M3 ,None
2.971860,0.654762,958320,313.279215,3.002217e+02,1.928614,105415200,105415200,2640,481.188783,218997,0,0,2640,95832,50565,72600,L5[WIO] Q11 C3 - L4[IO] P55 M2X Q5X - L3[] Q1 S11Y - L2[I] Q1 - L1[W] R11 - L0[O] M48 ,None
3.637509,0.720238,871200,383.448721,3.340605e+02,1.928614,105415200,105415200,242,660.376377,159574,0,0,242,43560,43414,72600,L5[WIO] Q5 M16 - L4[IO] M3 P55 Q11X - L3[] Q1 S11Y - L2[I] Q1 - L1[W] R11 C3 - L0[O] M2 ,None
5.871719,0.130952,4791600,618.968410,2.965849e+03,1.928614,105415200,105415200,44,58.944162,1787775,0,0,44,479160,1236015,72600,L5[WIO] Q55 M12 C3 - L4[IO] M4 P55 M2X - L3[] Q1 S11Y - L2[I] Q1 - L1[W] R11 - L0[O] Q1 ,None
6.058661,0.720238,871200,638.675007,5.564137e+02,1.928614,105415200,105415200,2904,42.033077,2507047,0,0,2904,2395800,38647,72600,L5[WIO] Q5 - L4[IO] M2 P55 C3 Q11X - L3[] Q1 S11Y - L2[I] Q1 - L1[W] R11 - L0[O] M48 ,None
9.745371,0.327381,1916640,1027.310205,1.968984e+03,1.928614,105415200,105415200,440,19.536590,5393925,0,0,440,5270760,50565,72600,L5[WIO] Q11 M3 - L4[IO] M2 P55 C3 Q5X - L3[] Q1 S11Y - L2[I] Q1 - L1[W] R11 - L0[O] M16 ,None
9.505340,0.654762,958320,1002.007328,9.602437e+02,1.928614,105415200,105415200,2640,19.579852,5382007,0,0,2640,5270760,38647,72600,L5[WIO] Q11 - L4[IO] P55 C3 M2X Q5X - L3[] Q1 S11Y - L2[I] Q1 - L1[W] R11 - L0[O] M48 ,None
3.195044,0.327381,1916640,336.806179,6.455362e+02,1.928614,105415200,105415200,440,329.180476,320125,0,0,440,95832,151693,72600,L5[WIO] Q11 M3 C3 - L4[IO] M2 P55 Q5X - L3[] Q1 S11Y - L2[I] Q1 - L1[W] R11 - L0[O] M16 ,None
3.262777,0.720238,871200,343.946238,2.996460e+02,1.928614,105415200,105415200,484,363.607474,289815,0,0,484,43560,173655,72600,L5[WIO] Q5 M4 C3 - L4[IO] M3 P55 Q11X - L3[] Q1 S11Y - L2[I] Q1 - L1[W] R11 - L0[O] M8 ,None
3.943044,0.720238,871200,415.656820,3.621202e+02,1.928614,105415200,105415200,242,165.397528,637125,0,0,242,43560,520965,72600,L5[WIO] Q5 M12 C3 - L4[IO] M2 P55 Q11X - L3[] Q1 S11Y - L2[I] Q1 - L1[W] R11 - L0[O] M4 ,None
3.281406,0.720238,871200,345.910061,3.013568e+02,1.928614,105415200,105415200,968,279.784571,376643,0,0,968,43560,260483,72600,L5[WIO] Q5 M6 C3 - L4[IO] P55 Q11X - L3[] Q1 S11Y - L2[I] Q1 - L1[W] R11 - L0[O] M16 ,None
2.957886,0.720238,871200,311.806169,2.716455e+02,1.928614,105415200,105415200,726,680.711467,154807,0,0,726,43560,38647,72600,L5[WIO] Q5 - L4[IO] M8 P55 Q11X - L3[] Q1 S11Y - L2[I] Q1 - L1[W] R11 C3 - L0[O] M12 ,None
3.599304,0.720238,871200,379.421387,3.305519e+02,1.928614,105415200,105415200,242,363.607474,289815,0,0,242,43560,173655,72600,L5[WIO] Q5 M4 C3 - L4[IO] M8 P55 Q11X - L3[] Q1 S11Y - L2[I] Q1 - L1[W] R11 - L0[O] M3 ,None
3.105080,0.327381,1916640,327.322640,6.273597e+02,1.928614,105415200,105415200,220,481.188783,218997,0,0,220,95832,50565,72600,L5[WIO] Q11 M6 - L4[IO] M2 P55 Q5X - L3[] Q1 S11Y - L2[I] Q1 - L1[W] R11 C3 - L0[O] M8 ,None
6.693068,0.720238,871200,705.551050,6.146761e+02,1.928614,105415200,105415200,484,41.953305,2511814,0,0,484,2395800,43414,72600,L5[WIO] Q5 M16 - L4[IO] P55 C3 Q11X - L3[] Q1 S11Y - L2[I] Q1 - L1[W] R11 - L0[O] M6 ,None
3.233676,0.720238,871200,340.878557,2.969734e+02,1.928614,105415200,105415200,242,660.376377,159574,0,0,242,43560,43414,72600,L5[WIO] Q5 M4 - L4[IO] M6 P55 Q11X - L3[] Q1 S11Y - L2[I] Q1 - L1[W] R11 C3 - L0[O] M4 ,None
6.513685,0.720238,871200,686.641431,5.982020e+02,1.928614,105415200,105415200,484,41.953305,2511814,0,0,484,2395800,43414,72600,L5[WIO] Q5 M4 - L4[IO] M3 P55 C3 Q11X - L3[] Q1 S11Y - L2[I] Q1 - L1[W] R11 - L0[O] M8 ,None
4.518497,0.327381,1916640,476.318317,9.129307e+02,1.928614,105415200,105415200,110,481.188783,218997,0,0,110,95832,50565,72600,L5[WIO] Q11 M3 - L4[IO] M32 P55 Q5X - L3[] Q1 S11Y - L2[I] Q1 - L1[W] R11 C3 - L0[O] Q1 ,None
3.296122,0.654762,958320,347.461308,3.329791e+02,1.928614,105415200,105415200,220,508.882600,207079,0,0,220,95832,38647,72600,L5[WIO] Q11 - L4[IO] M24 P55 M2X Q5X - L3[] Q1 S11Y - L2[I] Q1 - L1[W] R11 C3 - L0[O] M2 ,None
3.762469,0.327381,1916640,396.621459,7.601806e+02,1.928614,105415200,105415200,110,481.188783,218997,0,0,110,95832,50565,72600,L5[WIO] Q11 C3 - L4[IO] M48 P55 Q5X - L3[] Q1 S11Y - L2[I] Q1 - L1[W] R11 - L0[O] M2 ,None
3.233676,0.720238,871200,340.878557,2.969734e+02,1.928614,105415200,105415200,242,660.376377,159574,0,0,242,43560,43414,72600,L5[WIO] Q5 M12 - L4[IO] M2 P55 Q11X - L3[] Q1 S11Y - L2[I] Q1 - L1[W] R11 C3 - L0[O] M4 ,None
2.915134,0.720238,871200,307.299420,2.677193e+02,1.928614,105415200,105415200,2904,660.376377,159574,0,0,2904,43560,43414,72600,L5[WIO] Q5 C3 - L4[IO] M2 P55 Q11X - L3[] Q1 S11Y - L2[I] Q1 - L1[W] R11 - L0[O] M48 ,None
6.103507,0.720238,871200,643.402453,5.605322e+02,1.928614,105415200,105415200,1936,42.033077,2507047,0,0,1936,2395800,38647,72600,L5[WIO] Q5 - L4[IO] M3 P55 C3 Q11X - L3[] Q1 S11Y - L2[I] Q1 - L1[W] R11 - L0[O] M32 ,None
10.014445,0.327381,1916640,1055.674694,2.023348e+03,1.928614,105415200,105415200,220,19.536590,5393925,0,0,220,5270760,50565,72600,L5[WIO] Q11 M6 - L4[IO] M2 P55 C3 Q5X - L3[] Q1 S11Y - L2[I] Q1 - L1[W] R11 - L0[O] M8 ,None
11.612472,0.327381,1916640,1224.131031,2.346218e+03,1.928614,105415200,105415200,110,19.579852,5382007,0,0,110,5270760,38647,72600,L5[WIO] Q11 - L4[IO] M48 P55 C3 Q5X - L3[] Q1 S11Y - L2[I] Q1 - L1[W] R11 - L0[O] M2 ,None
3.504927,0.327381,1916640,369.472558,7.081459e+02,1.928614,105415200,105415200,220,223.346502,471818,0,0,220,95832,303386,72600,L5[WIO] Q11 M6 C3 - L4[IO] M2 P55 Q5X - L3[] Q1 S11Y - L2[I] Q1 - L1[W] R11 - L0[O] M8 ,None
7.051833,0.720238,871200,743.370423,6.476243e+02,1.928614,105415200,105415200,242,41.953305,2511814,0,0,242,2395800,43414,72600,L5[WIO] Q5 M4 - L4[IO] M6 P55 C3 Q11X - L3[] Q1 S11Y - L2[I] Q1 - L1[W] R11 - L0[O] M4 ,None
4.346878,0.720238,871200,458.226984,3.992073e+02,1.928614,105415200,105415200,242,165.397528,637125,0,0,242,43560,520965,72600,L5[WIO] Q5 M12 C3 - L4[IO] M4 P55 Q11X - L3[] Q1 S11Y - L2[I] Q1 - L1[W] R11 - L0[O] M2 ,None
3.703869,0.720238,871200,390.444087,3.401549e+02,1.928614,105415200,105415200,242,227.369409,463470,0,0,242,43560,347310,72600,L5[WIO] Q5 M8 C3 - L4[IO] M3 P55 Q11X - L3[] Q1 S11Y - L2[I] Q1 - L1[W] R11 - L0[O] M4 ,None
3.025192,0.720238,871200,318.901185,2.778267e+02,1.928614,105415200,105415200,484,680.711467,154807,0,0,484,43560,38647,72600,L5[WIO] Q5 - L4[IO] M12 P55 Q11X - L3[] Q1 S11Y - L2[I] Q1 - L1[W] R11 C3 - L0[O] M8 ,None
4.660565,0.720238,871200,491.294437,4.280157e+02,1.928614,105415200,105415200,242,90.993705,1158090,0,0,242,43560,1041930,72600,L5[WIO] Q5 M24 C3 - L4[IO] P55 Q11X - L3[] Q1 S11Y - L2[I] Q1 - L1[W] R11 - L0[O] M4 ,None
3.176080,0.654762,958320,334.807116,3.208524e+02,1.928614,105415200,105415200,220,481.188783,218997,0,0,220,95832,50565,72600,L5[WIO] Q11 M16 - L4[IO] P55 M2X Q5X - L3[] Q1 S11Y - L2[I] Q1 - L1[W] R11 C3 - L0[O] M3 ,None
8.128130,0.720238,871200,856.828406,7.464689e+02,1.928614,105415200,105415200,242,41.953305,2511814,0,0,242,2395800,43414,72600,L5[WIO] Q5 M16 - L4[IO] M3 P55 C3 Q11X - L3[] Q1 S11Y - L2[I] Q1 - L1[W] R11 - L0[O] M2 ,None
3.368286,0.720238,871200,355.068589,3.093358e+02,1.928614,105415200,105415200,242,660.376377,159574,0,0,242,43560,43414,72600,L5[WIO] Q5 M4 - L4[IO] M8 P55 Q11X - L3[] Q1 S11Y - L2[I] Q1 - L1[W] R11 C3 - L0[O] M3 ,None
6.244611,0.720238,871200,658.276949,5.734909e+02,1.928614,105415200,105415200,968,41.953305,2511814,0,0,968,2395800,43414,72600,L5[WIO] Q5 M6 - L4[IO] P55 C3 Q11X - L3[] Q1 S11Y - L2[I] Q1 - L1[W] R11 - L0[O] M16 ,None
2.970469,0.327381,1916640,313.132608,6.001625e+02,1.928614,105415200,105415200,660,481.188783,218997,0,0,660,95832,50565,72600,L5[WIO] Q11 M4 - L4[IO] P55 Q5X - L3[] Q1 S11Y - L2[I] Q1 - L1[W] R11 C3 - L0[O] M24 ,None
3.155968,0.327381,1916640,332.687017,6.376412e+02,1.928614,105415200,105415200,220,508.882600,207079,0,0,220,95832,38647,72600,L5[WIO] Q11 - L4[IO] M16 P55 Q5X - L3[] Q1 S11Y - L2[I] Q1 - L1[W] R11 C3 - L0[O] M6 ,None
3.493247,0.327381,1916640,368.241327,7.057861e+02,1.928614,105415200,105415200,110,481.188783,218997,0,0,110,95832,50565,72600,L5[WIO] Q11 C3 - L4[IO] M32 P55 Q5X - L3[] Q1 S11Y - L2[I] Q1 - L1[W] R11 - L0[O] M3 ,None
3.637509,0.720238,871200,383.448721,3.340605e+02,1.928614,105415200,105415200,242,660.376377,159574,0,0,242,43560,43414,72600,L5[WIO] Q5 M12 - L4[IO] M4 P55 Q11X - L3[] Q1 S11Y - L2[I] Q1 - L1[W] R11 C3 - L0[O] M2 ,None
2.931960,0.720238,871200,309.073149,2.692645e+02,1.928614,105415200,105415200,1936,660.376377,159574,0,0,1936,43560,43414,72600,L5[WIO] Q5 C3 - L4[IO] M3 P55 Q11X - L3[] Q1 S11Y - L2[I] Q1 - L1[W] R11 - L0[O] M32 ,None
6.148352,0.720238,871200,648.129802,5.646507e+02,1.928614,105415200,105415200,1452,42.033077,2507047,0,0,1452,2395800,38647,72600,L5[WIO] Q5 - L4[IO] M4 P55 C3 Q11X - L3[] Q1 S11Y - L2[I] Q1 - L1[W] R11 - L0[O] M24 ,None
10.203674,0.654762,958320,1075.622301,1.030790e+03,1.928614,105415200,105415200,220,19.536590,5393925,0,0,220,5270760,50565,72600,L5[WIO] Q11 M16 - L4[IO] P55 C3 M2X Q5X - L3[] Q1 S11Y - L2[I] Q1 - L1[W] R11 - L0[O] M3 ,None
10.894941,0.327381,1916640,1148.492352,2.201246e+03,1.928614,105415200,105415200,110,19.579852,5382007,0,0,110,5270760,38647,72600,L5[WIO] Q11 - L4[IO] M32 P55 C3 Q5X - L3[] Q1 S11Y - L2[I] Q1 - L1[W] R11 - L0[O] M3 ,None
4.272342,0.654762,958320,450.369793,4.315984e+02,1.928614,105415200,105415200,220,107.808913,977460,0,0,220,95832,809028,72600,L5[WIO] Q11 M16 C3 - L4[IO] P55 M2X Q5X - L3[] Q1 S11Y - L2[I] Q1 - L1[W] R11 - L0[O] M3 ,None
7.410599,0.720238,871200,781.189728,6.805725e+02,1.928614,105415200,105415200,242,41.953305,2511814,0,0,242,2395800,43414,72600,L5[WIO] Q5 M4 - L4[IO] M8 P55 C3 Q11X - L3[] Q1 S11Y - L2[I] Q1 - L1[W] R11 - L0[O] M3 ,None
2.988917,0.654762,958320,315.077300,3.019449e+02,1.928614,105415200,105415200,1320,481.188783,218997,0,0,1320,95832,50565,72600,L5[WIO] Q11 C3 - L4[IO] M2 P55 M2X Q5X - L3[] Q1 S11Y - L2[I] Q1 - L1[W] R11 - L0[O] M24 ,None
3.838480,0.720238,871200,404.634119,3.525172e+02,1.928614,105415200,105415200,242,227.369409,463470,0,0,242,43560,347310,72600,L5[WIO] Q5 M8 C3 - L4[IO] M4 P55 Q11X - L3[] Q1 S11Y - L2[I] Q1 - L1[W] R11 - L0[O] M3 ,None
2.964453,0.720238,871200,312.498425,2.722486e+02,1.928614,105415200,105415200,726,660.376377,159574,0,0,726,43560,43414,72600,L5[WIO] Q5 M2 - L4[IO] M4 P55 Q11X - L3[] Q1 S11Y - L2[I] Q1 - L1[W] R11 C3 - L0[O] M12 ,None
3.037775,0.327381,1916640,320.227624,6.137611e+02,1.928614,105415200,105415200,330,481.188783,218997,0,0,330,95832,50565,72600,L5[WIO] Q11 M8 - L4[IO] P55 Q5X - L3[] Q1 S11Y - L2[I] Q1 - L1[W] R11 C3 - L0[O] M12 ,None
3.988114,0.720238,871200,420.407885,3.662593e+02,1.928614,105415200,105415200,242,279.784571,376643,0,0,242,43560,260483,72600,L5[WIO] Q5 M6 C3 - L4[IO] M8 P55 Q11X - L3[] Q1 S11Y - L2[I] Q1 - L1[W] R11 - L0[O] M2 ,None
7.051833,0.720238,871200,743.370423,6.476243e+02,1.928614,105415200,105415200,242,41.953305,2511814,0,0,242,2395800,43414,72600,L5[WIO] Q5 M12 - L4[IO] M2 P55 C3 Q11X - L3[] Q1 S11Y - L2[I] Q1 - L1[W] R11 - L0[O] M4 ,None
3.233676,0.720238,871200,340.878557,2.969734e+02,1.928614,105415200,105415200,242,660.376377,159574,0,0,242,43560,43414,72600,L5[WIO] Q5 M24 - L4[IO] P55 Q11X - L3[] Q1 S11Y - L2[I] Q1 - L1[W] R11 C3 - L0[O] M4 ,None
7.051833,0.720238,871200,743.370423,6.476243e+02,1.928614,105415200,105415200,242,41.953305,2511814,0,0,242,2395800,43414,72600,L5[WIO] Q5 M8 - L4[IO] M3 P55 C3 Q11X - L3[] Q1 S11Y - L2[I] Q1 - L1[W] R11 - L0[O] M4 ,None
3.037775,0.327381,1916640,320.227624,6.137611e+02,1.928614,105415200,105415200,330,481.188783,218997,0,0,330,95832,50565,72600,L5[WIO] Q11 M4 - L4[IO] M2 P55 Q5X - L3[] Q1 S11Y - L2[I] Q1 - L1[W] R11 C3 - L0[O] M12 ,None
2.937278,0.654762,958320,309.633761,2.967282e+02,1.928614,105415200,105415200,1320,481.188783,218997,0,0,1320,95832,50565,72600,L5[WIO] Q11 M2 - L4[IO] P55 M2X Q5X - L3[] Q1 S11Y - L2[I] Q1 - L1[W] R11 C3 - L0[O] M24 ,None
3.364178,0.654762,958320,354.635485,3.398543e+02,1.928614,105415200,105415200,220,481.188783,218997,0,0,220,95832,50565,72600,L5[WIO] Q11 C3 - L4[IO] M24 P55 M2X Q5X - L3[] Q1 S11Y - L2[I] Q1 - L1[W] R11 - L0[O] M2 ,None
2.920861,0.654762,958320,307.903123,2.950697e+02,1.928614,105415200,105415200,1320,508.882600,207079,0,0,1320,95832,38647,72600,L5[WIO] Q11 - L4[IO] M2 P55 M2X Q5X - L3[] Q1 S11Y - L2[I] Q1 - L1[W] R11 C3 - L0[O] M24 ,None
2.948787,0.720238,871200,310.846947,2.708099e+02,1.928614,105415200,105415200,1452,660.376377,159574,0,0,1452,43560,43414,72600,L5[WIO] Q5 C3 - L4[IO] M4 P55 Q11X - L3[] Q1 S11Y - L2[I] Q1 - L1[W] R11 - L0[O] M24 ,None
7.045266,0.720238,871200,742.678167,6.470212e+02,1.928614,105415200,105415200,242,42.033077,2507047,0,0,242,2395800,38647,72600,L5[WIO] Q5 - L4[IO] M24 P55 C3 Q11X - L3[] Q1 S11Y - L2[I] Q1 - L1[W] R11 - L0[O] M4 ,None
9.835062,0.327381,1916640,1036.765008,1.987105e+03,1.928614,105415200,105415200,330,19.536590,5393925,0,0,330,5270760,50565,72600,L5[WIO] Q11 M8 - L4[IO] P55 C3 Q5X - L3[] Q1 S11Y - L2[I] Q1 - L1[W] R11 - L0[O] M12 ,None
10.550945,0.654762,958320,1112.230030,1.065872e+03,1.928614,105415200,105415200,220,19.579852,5382007,0,0,220,5270760,38647,72600,L5[WIO] Q11 - L4[IO] M24 P55 C3 M2X Q5X - L3[] Q1 S11Y - L2[I] Q1 - L1[W] R11 - L0[O] M2 ,None
3.576904,0.327381,1916640,377.060094,7.226885e+02,1.928614,105415200,105415200,330,183.924663,572946,0,0,330,95832,404514,72600,L5[WIO] Q11 M8 C3 - L4[IO] P55 Q5X - L3[] Q1 S11Y - L2[I] Q1 - L1[W] R11 - L0[O] M12 ,None
7.051833,0.720238,871200,743.370423,6.476243e+02,1.928614,105415200,105415200,242,41.953305,2511814,0,0,242,2395800,43414,72600,L5[WIO] Q5 M24 - L4[IO] P55 C3 Q11X - L3[] Q1 S11Y - L2[I] Q1 - L1[W] R11 - L0[O] M4 ,None
3.159490,0.654762,958320,333.058274,3.191764e+02,1.928614,105415200,105415200,220,481.188783,218997,0,0,220,95832,50565,72600,L5[WIO] Q11 C3 - L4[IO] M12 P55 M2X Q5X - L3[] Q1 S11Y - L2[I] Q1 - L1[W] R11 - L0[O] M4 ,None
3.637509,0.720238,871200,383.448721,3.340605e+02,1.928614,105415200,105415200,242,660.376377,159574,0,0,242,43560,43414,72600,L5[WIO] Q5 M2 - L4[IO] M24 P55 Q11X - L3[] Q1 S11Y - L2[I] Q1 - L1[W] R11 C3 - L0[O] M2 ,None
4.915369,0.720238,871200,518.154648,4.514163e+02,1.928614,105415200,105415200,242,227.369409,463470,0,0,242,43560,347310,72600,L5[WIO] Q5 M8 C3 - L4[IO] M12 P55 Q11X - L3[] Q1 S11Y - L2[I] Q1 - L1[W] R11 - L0[O] Q1 ,None
3.039622,0.654762,958320,320.422354,3.070672e+02,1.928614,105415200,105415200,440,481.188783,218997,0,0,440,95832,50565,72600,L5[WIO] Q11 M8 - L4[IO] P55 M2X Q5X - L3[] Q1 S11Y - L2[I] Q1 - L1[W] R11 C3 - L0[O] M6 ,None
4.316825,0.720238,871200,455.059004,3.964474e+02,1.928614,105415200,105415200,242,129.972249,810780,0,0,242,43560,694620,72600,L5[WIO] Q5 M16 C3 - L4[IO] M2 P55 Q11X - L3[] Q1 S11Y - L2[I] Q1 - L1[W] R11 - L0[O] M3 ,None
8.128130,0.720238,871200,856.828406,7.464689e+02,1.928614,105415200,105415200,242,41.953305,2511814,0,0,242,2395800,43414,72600,L5[WIO] Q5 M12 - L4[IO] M4 P55 C3 Q11X - L3[] Q1 S11Y - L2[I] Q1 - L1[W] R11 - L0[O] M2 ,None
3.637509,0.720238,871200,383.448721,3.340605e+02,1.928614,105415200,105415200,242,660.376377,159574,0,0,242,43560,43414,72600,L5[WIO] Q5 M24 - L4[IO] M2 P55 Q11X - L3[] Q1 S11Y - L2[I] Q1 - L1[W] R11 C3 - L0[O] M2 ,None
7.410599,0.720238,871200,781.189728,6.805725e+02,1.928614,105415200,105415200,242,41.953305,2511814,0,0,242,2395800,43414,72600,L5[WIO] Q5 M8 - L4[IO] M4 P55 C3 Q11X - L3[] Q1 S11Y - L2[I] Q1 - L1[W] R11 - L0[O] M3 ,None
3.039622,0.654762,958320,320.422354,3.070672e+02,1.928614,105415200,105415200,440,481.188783,218997,0,0,440,95832,50565,72600,L5[WIO] Q11 M4 - L4[IO] M2 P55 M2X Q5X - L3[] Q1 S11Y - L2[I] Q1 - L1[W] R11 C3 - L0[O] M6 ,None
3.004122,0.327381,1916640,316.680088,6.069617e+02,1.928614,105415200,105415200,440,481.188783,218997,0,0,440,95832,50565,72600,L5[WIO] Q11 M2 - L4[IO] M3 P55 Q5X - L3[] Q1 S11Y - L2[I] Q1 - L1[W] R11 C3 - L0[O] M16 ,None
3.224025,0.327381,1916640,339.861195,6.513916e+02,1.928614,105415200,105415200,220,481.188783,218997,0,0,220,95832,50565,72600,L5[WIO] Q11 C3 - L4[IO] M16 P55 Q5X - L3[] Q1 S11Y - L2[I] Q1 - L1[W] R11 - L0[O] M6 ,None
3.091434,0.654762,958320,325.884096,3.123012e+02,1.928614,105415200,105415200,220,508.882600,207079,0,0,220,95832,38647,72600,L5[WIO] Q11 - L4[IO] M12 P55 M2X Q5X - L3[] Q1 S11Y - L2[I] Q1 - L1[W] R11 C3 - L0[O] M4 ,None
3.285315,0.720238,871200,346.322095,3.017158e+02,1.928614,105415200,105415200,242,660.376377,159574,0,0,242,43560,43414,72600,L5[WIO] Q5 C3 - L4[IO] M24 P55 Q11X - L3[] Q1 S11Y - L2[I] Q1 - L1[W] R11 - L0[O] M4 ,None
6.238044,0.720238,871200,657.584694,5.728878e+02,1.928614,105415200,105415200,968,42.033077,2507047,0,0,968,2395800,38647,72600,L5[WIO] Q5 - L4[IO] M6 P55 C3 Q11X - L3[] Q1 S11Y - L2[I] Q1 - L1[W] R11 - L0[O] M16 ,None
10.177410,0.327381,1916640,1072.853674,2.056274e+03,1.928614,105415200,105415200,220,19.579852,5382007,0,0,220,5270760,38647,72600,L5[WIO] Q11 - L4[IO] M16 P55 C3 Q5X - L3[] Q1 S11Y - L2[I] Q1 - L1[W] R11 - L0[O] M6 ,None
9.839985,0.654762,958320,1037.284002,9.940500e+02,1.928614,105415200,105415200,440,19.536590,5393925,0,0,440,5270760,50565,72600,L5[WIO] Q11 M8 - L4[IO] P55 C3 M2X Q5X - L3[] Q1 S11Y - L2[I] Q1 - L1[W] R11 - L0[O] M6 ,None
3.578752,0.654762,958320,377.254824,3.615308e+02,1.928614,105415200,105415200,440,183.924663,572946,0,0,440,95832,404514,72600,L5[WIO] Q11 M8 C3 - L4[IO] P55 M2X Q5X - L3[] Q1 S11Y - L2[I] Q1 - L1[W] R11 - L0[O] M6 ,None
11.186110,0.327381,1916640,1179.185972,2.260075e+03,1.928614,105415200,105415200,110,20.980946,5022600,0,0,110,95832,4854168,72600,L5[WIO] Q11 M96 C3 - L4[IO] P55 Q5X - L3[] Q1 S11Y - L2[I] Q1 - L1[W] R11 - L0[O] Q1 ,None
8.128130,0.720238,871200,856.828406,7.464689e+02,1.928614,105415200,105415200,242,41.953305,2511814,0,0,242,2395800,43414,72600,L5[WIO] Q5 M24 - L4[IO] M2 P55 C3 Q11X - L3[] Q1 S11Y - L2[I] Q1 - L1[W] R11 - L0[O] M2 ,None
3.031759,0.720238,871200,319.593441,2.784298e+02,1.928614,105415200,105415200,484,660.376377,159574,0,0,484,43560,43414,72600,L5[WIO] Q5 M3 - L4[IO] M4 P55 Q11X - L3[] Q1 S11Y - L2[I] Q1 - L1[W] R11 C3 - L0[O] M8 ,None
3.057146,0.654762,958320,322.269681,3.088375e+02,1.928614,105415200,105415200,440,481.188783,218997,0,0,440,95832,50565,72600,L5[WIO] Q11 C3 - L4[IO] M6 P55 M2X Q5X - L3[] Q1 S11Y - L2[I] Q1 - L1[W] R11 - L0[O] M8 ,None
3.312539,0.654762,958320,349.191946,3.346376e+02,1.928614,105415200,105415200,220,481.188783,218997,0,0,220,95832,50565,72600,L5[WIO] Q11 M8 - L4[IO] M3 P55 M2X Q5X - L3[] Q1 S11Y - L2[I] Q1 - L1[W] R11 C3 - L0[O] M2 ,None
9.550801,0.654762,958320,1006.799635,9.648362e+02,1.928614,105415200,105415200,1320,19.579852,5382007,0,0,1320,5270760,38647,72600,L5[WIO] Q11 - L4[IO] M2 P55 C3 M2X Q5X - L3[] Q1 S11Y - L2[I] Q1 - L1[W] R11 - L0[O] M24 ,None
3.368286,0.720238,871200,355.068589,3.093358e+02,1.928614,105415200,105415200,242,660.376377,159574,0,0,242,43560,43414,72600,L5[WIO] Q5 M16 - L4[IO] M2 P55 Q11X - L3[] Q1 S11Y - L2[I] Q1 - L1[W] R11 C3 - L0[O] M3 ,None
3.105080,0.327381,1916640,327.322640,6.273597e+02,1.928614,105415200,105415200,220,481.188783,218997,0,0,220,95832,50565,72600,L5[WIO] Q11 M4 - L4[IO] M3 P55 Q5X - L3[] Q1 S11Y - L2[I] Q1 - L1[W] R11 C3 - L0[O] M8 ,None
11.642012,0.654762,958320,1227.244996,1.176093e+03,1.928614,105415200,105415200,220,19.579852,5382007,0,0,220,5270760,38647,72600,L5[WIO] Q11 - L4[IO] M48 P55 C3 M2X Q5X - L3[] Q1 S11Y - L2[I] Q1 - L1[W] R11 - L0[O] Q1 ,None
3.105080,0.327381,1916640,327.322640,6.273597e+02,1.928614,105415200,105415200,220,481.188783,218997,0,0,220,95832,50565,72600,L5[WIO] Q11 M2 - L4[IO] M6 P55 Q5X - L3[] Q1 S11Y - L2[I] Q1 - L1[W] R11 C3 - L0[O] M8 ,None
3.058559,0.654762,958320,322.418576,3.089802e+02,1.928614,105415200,105415200,1320,390.927842,269561,0,0,1320,95832,101129,72600,L5[WIO] Q11 M2 C3 - L4[IO] P55 M2X Q5X - L3[] Q1 S11Y - L2[I] Q1 - L1[W] R11 - L0[O] M24 ,None
4.518497,0.327381,1916640,476.318317,9.129307e+02,1.928614,105415200,105415200,110,481.188783,218997,0,0,110,95832,50565,72600,L5[WIO] Q11 M96 - L4[IO] P55 Q5X - L3[] Q1 S11Y - L2[I] Q1 - L1[W] R11 C3 - L0[O] Q1 ,None
2.982439,0.720238,871200,314.394436,2.739004e+02,1.928614,105415200,105415200,968,660.376377,159574,0,0,968,43560,43414,72600,L5[WIO] Q5 C3 - L4[IO] M6 P55 Q11X - L3[] Q1 S11Y - L2[I] Q1 - L1[W] R11 - L0[O] M16 ,None
6.327735,0.720238,871200,667.039489,5.811248e+02,1.928614,105415200,105415200,726,42.033077,2507047,0,0,726,2395800,38647,72600,L5[WIO] Q5 - L4[IO] M8 P55 C3 Q11X - L3[] Q1 S11Y - L2[I] Q1 - L1[W] R11 - L0[O] M12 ,None
9.567219,0.654762,958320,1008.530273,9.664947e+02,1.928614,105415200,105415200,1320,19.536590,5393925,0,0,1320,5270760,50565,72600,L5[WIO] Q11 M2 - L4[IO] P55 C3 M2X Q5X - L3[] Q1 S11Y - L2[I] Q1 - L1[W] R11 - L0[O] M24 ,None
10.567363,0.654762,958320,1113.960668,1.067531e+03,1.928614,105415200,105415200,220,19.536590,5393925,0,0,220,5270760,50565,72600,L5[WIO] Q11 M8 - L4[IO] M3 P55 C3 M2X Q5X - L3[] Q1 S11Y - L2[I] Q1 - L1[W] R11 - L0[O] M2 ,None
3.092673,0.654762,958320,326.014787,3.124265e+02,1.928614,105415200,105415200,660,390.927842,269561,0,0,660,95832,101129,72600,L5[WIO] Q11 M2 C3 - L4[IO] M2 P55 M2X Q5X - L3[] Q1 S11Y - L2[I] Q1 - L1[W] R11 - L0[O] M12 ,None
7.410599,0.720238,871200,781.189728,6.805725e+02,1.928614,105415200,105415200,242,41.953305,2511814,0,0,242,2395800,43414,72600,L5[WIO] Q5 M16 - L4[IO] M2 P55 C3 Q11X - L3[] Q1 S11Y - L2[I] Q1 - L1[W] R11 - L0[O] M3 ,None
4.445176,0.720238,871200,468.589118,4.082348e+02,1.928614,105415200,105415200,242,660.376377,159574,0,0,242,43560,43414,72600,L5[WIO] Q5 M4 - L4[IO] M24 P55 Q11X - L3[] Q1 S11Y - L2[I] Q1 - L1[W] R11 C3 - L0[O] Q1 ,None
5.154545,0.720238,871200,543.367381,4.733817e+02,1.928614,105415200,105415200,242,165.397528,637125,0,0,242,43560,520965,72600,L5[WIO] Q5 M12 C3 - L4[IO] M8 P55 Q11X - L3[] Q1 S11Y - L2[I] Q1 - L1[W] R11 - L0[O] Q1 ,None
3.058097,0.327381,1916640,322.369887,6.178670e+02,1.928614,105415200,105415200,1320,390.927842,269561,0,0,1320,95832,101129,72600,L5[WIO] Q11 M2 C3 - L4[IO] P55 Q5X - L3[] Q1 S11Y - L2[I] Q1 - L1[W] R11 - L0[O] M48 ,None
10.005412,0.654762,958320,1054.722547,1.010762e+03,1.928614,105415200,105415200,220,19.579852,5382007,0,0,220,5270760,38647,72600,L5[WIO] Q11 - L4[IO] M12 P55 C3 M2X Q5X - L3[] Q1 S11Y - L2[I] Q1 - L1[W] R11 - L0[O] M4 ,None
4.445176,0.720238,871200,468.589118,4.082348e+02,1.928614,105415200,105415200,242,660.376377,159574,0,0,242,43560,43414,72600,L5[WIO] Q5 M16 - L4[IO] M6 P55 Q11X - L3[] Q1 S11Y - L2[I] Q1 - L1[W] R11 C3 - L0[O] Q1 ,None
3.004122,0.327381,1916640,316.680088,6.069617e+02,1.928614,105415200,105415200,440,481.188783,218997,0,0,440,95832,50565,72600,L5[WIO] Q11 M6 - L4[IO] P55 Q5X - L3[] Q1 S11Y - L2[I] Q1 - L1[W] R11 C3 - L0[O] M16 ,None
9.732646,0.654762,958320,1025.968818,9.832064e+02,1.928614,105415200,105415200,440,19.579852,5382007,0,0,440,5270760,38647,72600,L5[WIO] Q11 - L4[IO] M6 P55 C3 M2X Q5X - L3[] Q1 S11Y - L2[I] Q1 - L1[W] R11 - L0[O] M8 ,None
3.721914,0.654762,958320,392.346301,3.759933e+02,1.928614,105415200,105415200,220,481.188783,218997,0,0,220,95832,50565,72600,L5[WIO] Q11 M48 - L4[IO] P55 M2X Q5X - L3[] Q1 S11Y - L2[I] Q1 - L1[W] R11 C3 - L0[O] Q1 ,None
3.125402,0.327381,1916640,329.464903,6.314656e+02,1.928614,105415200,105415200,440,390.927842,269561,0,0,440,95832,101129,72600,L5[WIO] Q11 M2 C3 - L4[IO] M3 P55 Q5X - L3[] Q1 S11Y - L2[I] Q1 - L1[W] R11 - L0[O] M16 ,None
2.971393,0.654762,958320,313.229973,3.001745e+02,1.928614,105415200,105415200,660,481.188783,218997,0,0,660,95832,50565,72600,L5[WIO] Q11 M2 - L4[IO] M2 P55 M2X Q5X - L3[] Q1 S11Y - L2[I] Q1 - L1[W] R11 C3 - L0[O] M12 ,None
3.016092,0.720238,871200,317.941963,2.769910e+02,1.928614,105415200,105415200,726,660.376377,159574,0,0,726,43560,43414,72600,L5[WIO] Q5 C3 - L4[IO] M8 P55 Q11X - L3[] Q1 S11Y - L2[I] Q1 - L1[W] R11 - L0[O] M12 ,None
3.172386,0.327381,1916640,334.417656,6.409583e+02,1.928614,105415200,105415200,220,481.188783,218997,0,0,220,95832,50565,72600,L5[WIO] Q11 M2 - L4[IO] M8 P55 Q5X - L3[] Q1 S11Y - L2[I] Q1 - L1[W] R11 C3 - L0[O] M6 ,None
9.745371,0.327381,1916640,1027.310205,1.968984e+03,1.928614,105415200,105415200,440,19.536590,5393925,0,0,440,5270760,50565,72600,L5[WIO] Q11 M2 - L4[IO] M3 P55 C3 Q5X - L3[] Q1 S11Y - L2[I] Q1 - L1[W] R11 - L0[O] M16 ,None
3.293666,0.327381,1916640,347.202470,6.654621e+02,1.928614,105415200,105415200,220,390.927842,269561,0,0,220,95832,101129,72600,L5[WIO] Q11 M2 C3 - L4[IO] M8 P55 Q5X - L3[] Q1 S11Y - L2[I] Q1 - L1[W] R11 - L0[O] M6 ,None
10.280723,0.380952,1647113,1083.744441,1.785050e+03,1.928614,105415200,105415200,242,41.953305,2511814,0,0,242,2395800,43414,72600,L5[WIO] Q5 M16 - L4[IO] M6 P55 C3 Q11X - L3[] Q1 S11Y - L2[I] Q1 - L1[W] R11 - L0[O] Q1 ,None
3.233676,0.720238,871200,340.878557,2.969734e+02,1.928614,105415200,105415200,242,660.376377,159574,0,0,242,43560,43414,72600,L5[WIO] Q5 M6 - L4[IO] M4 P55 Q11X - L3[] Q1 S11Y - L2[I] Q1 - L1[W] R11 C3 - L0[O] M4 ,None
3.227719,0.654762,958320,340.250655,3.260690e+02,1.928614,105415200,105415200,220,481.188783,218997,0,0,220,95832,50565,72600,L5[WIO] Q11 C3 - L4[IO] M16 P55 M2X Q5X - L3[] Q1 S11Y - L2[I] Q1 - L1[W] R11 - L0[O] M3 ,None
3.144565,0.327381,1916640,331.484903,6.353372e+02,1.928614,105415200,105415200,880,329.180476,320125,0,0,880,95832,151693,72600,L5[WIO] Q11 M3 C3 - L4[IO] P55 Q5X - L3[] Q1 S11Y - L2[I] Q1 - L1[W] R11 - L0[O] M32 ,None
13.781482,0.327381,1916640,1452.777704,2.784452e+03,1.928614,105415200,105415200,110,19.536590,5393925,0,0,110,5270760,50565,72600,L5[WIO] Q11 M96 - L4[IO] P55 C3 Q5X - L3[] Q1 S11Y - L2[I] Q1 - L1[W] R11 - L0[O] Q1 ,None
3.159663,0.654762,958320,333.076478,3.191938e+02,1.928614,105415200,105415200,220,508.882600,207079,0,0,220,95832,38647,72600,L5[WIO] Q11 - L4[IO] M16 P55 M2X Q5X - L3[] Q1 S11Y - L2[I] Q1 - L1[W] R11 C3 - L0[O] M3 ,None
3.306997,0.327381,1916640,348.607756,6.681556e+02,1.928614,105415200,105415200,110,481.188783,218997,0,0,110,95832,50565,72600,L5[WIO] Q11 M8 - L4[IO] M3 P55 Q5X - L3[] Q1 S11Y - L2[I] Q1 - L1[W] R11 C3 - L0[O] M4 ,None
9.565988,0.327381,1916640,1008.400518,1.932741e+03,1.928614,105415200,105415200,1320,19.536590,5393925,0,0,1320,5270760,50565,72600,L5[WIO] Q11 M2 - L4[IO] P55 C3 Q5X - L3[] Q1 S11Y - L2[I] Q1 - L1[W] R11 - L0[O] M48 ,None
3.107851,0.654762,958320,327.614735,3.139598e+02,1.928614,105415200,105415200,220,481.188783,218997,0,0,220,95832,50565,72600,L5[WIO] Q11 M4 - L4[IO] M3 P55 M2X Q5X - L3[] Q1 S11Y - L2[I] Q1 - L1[W] R11 C3 - L0[O] M4 ,None
3.226361,0.327381,1916640,340.107454,6.518636e+02,1.928614,105415200,105415200,220,390.927842,269561,0,0,220,95832,101129,72600,L5[WIO] Q11 M2 C3 - L4[IO] M6 P55 Q5X - L3[] Q1 S11Y - L2[I] Q1 - L1[W] R11 - L0[O] M8 ,None
3.851669,0.654762,958320,406.024416,3.891013e+02,1.928614,105415200,105415200,220,183.924663,572946,0,0,220,95832,404514,72600,L5[WIO] Q11 M8 C3 - L4[IO] M3 P55 M2X Q5X - L3[] Q1 S11Y - L2[I] Q1 - L1[W] R11 - L0[O] M2 ,None
6.507118,0.720238,871200,685.949176,5.975989e+02,1.928614,105415200,105415200,484,42.033077,2507047,0,0,484,2395800,38647,72600,L5[WIO] Q5 - L4[IO] M12 P55 C3 Q11X - L3[] Q1 S11Y - L2[I] Q1 - L1[W] R11 - L0[O] M8 ,None
3.083398,0.720238,871200,325.036979,2.831722e+02,1.928614,105415200,105415200,484,660.376377,159574,0,0,484,43560,43414,72600,L5[WIO] Q5 C3 - L4[IO] M12 P55 Q11X - L3[] Q1 S11Y - L2[I] Q1 - L1[W] R11 - L0[O] M8 ,None
3.312539,0.654762,958320,349.191946,3.346376e+02,1.928614,105415200,105415200,220,481.188783,218997,0,0,220,95832,50565,72600,L5[WIO] Q11 M2 - L4[IO] M12 P55 M2X Q5X - L3[] Q1 S11Y - L2[I] Q1 - L1[W] R11 C3 - L0[O] M2 ,None
10.014445,0.327381,1916640,1055.674694,2.023348e+03,1.928614,105415200,105415200,220,19.536590,5393925,0,0,220,5270760,50565,72600,L5[WIO] Q11 M2 - L4[IO] M6 P55 C3 Q5X - L3[] Q1 S11Y - L2[I] Q1 - L1[W] R11 - L0[O] M8 ,None
3.433819,0.654762,958320,361.976761,3.468896e+02,1.928614,105415200,105415200,220,390.927842,269561,0,0,220,95832,101129,72600,L5[WIO] Q11 M2 C3 - L4[IO] M12 P55 M2X Q5X - L3[] Q1 S11Y - L2[I] Q1 - L1[W] R11 - L0[O] M2 ,None
4.445176,0.720238,871200,468.589118,4.082348e+02,1.928614,105415200,105415200,242,660.376377,159574,0,0,242,43560,43414,72600,L5[WIO] Q5 M6 - L4[IO] M16 P55 Q11X - L3[] Q1 S11Y - L2[I] Q1 - L1[W] R11 C3 - L0[O] Q1 ,None
10.187256,0.654762,958320,1073.891663,1.029132e+03,1.928614,105415200,105415200,220,19.579852,5382007,0,0,220,5270760,38647,72600,L5[WIO] Q11 - L4[IO] M16 P55 C3 M2X Q5X - L3[] Q1 S11Y - L2[I] Q1 - L1[W] R11 - L0[O] M3 ,None
3.229132,0.654762,958320,340.399550,3.262117e+02,1.928614,105415200,105415200,220,390.927842,269561,0,0,220,95832,101129,72600,L5[WIO] Q11 M2 C3 - L4[IO] M6 P55 M2X Q5X - L3[] Q1 S11Y - L2[I] Q1 - L1[W] R11 - L0[O] M4 ,None
3.145257,0.654762,958320,331.557937,3.177386e+02,1.928614,105415200,105415200,880,329.180476,320125,0,0,880,95832,151693,72600,L5[WIO] Q11 M3 C3 - L4[IO] P55 M2X Q5X - L3[] Q1 S11Y - L2[I] Q1 - L1[W] R11 - L0[O] M16 ,None
9.658141,0.654762,958320,1018.114818,9.756798e+02,1.928614,105415200,105415200,660,19.536590,5393925,0,0,660,5270760,50565,72600,L5[WIO] Q11 M2 - L4[IO] M2 P55 C3 M2X Q5X - L3[] Q1 S11Y - L2[I] Q1 - L1[W] R11 - L0[O] M12 ,None
3.107851,0.654762,958320,327.614735,3.139598e+02,1.928614,105415200,105415200,220,481.188783,218997,0,0,220,95832,50565,72600,L5[WIO] Q11 M2 - L4[IO] M6 P55 M2X Q5X - L3[] Q1 S11Y - L2[I] Q1 - L1[W] R11 C3 - L0[O] M4 ,None
3.441608,0.327381,1916640,362.797788,6.953528e+02,1.928614,105415200,105415200,110,481.188783,218997,0,0,110,95832,50565,72600,L5[WIO] Q11 M8 - L4[IO] M4 P55 Q5X - L3[] Q1 S11Y - L2[I] Q1 - L1[W] R11 C3 - L0[O] M3 ,None
9.610834,0.327381,1916640,1013.127954,1.941802e+03,1.928614,105415200,105415200,880,19.536590,5393925,0,0,880,5270760,50565,72600,L5[WIO] Q11 M3 - L4[IO] P55 C3 Q5X - L3[] Q1 S11Y - L2[I] Q1 - L1[W] R11 - L0[O] M32 ,None
3.172386,0.327381,1916640,334.417656,6.409583e+02,1.928614,105415200,105415200,220,481.188783,218997,0,0,220,95832,50565,72600,L5[WIO] Q11 M4 - L4[IO] M4 P55 Q5X - L3[] Q1 S11Y - L2[I] Q1 - L1[W] R11 C3 - L0[O] M6 ,None
7.046716,0.654762,958320,742.830969,7.118698e+02,1.928614,105415200,105415200,220,40.600366,2595516,0,0,220,95832,2427084,72600,L5[WIO] Q11 M48 C3 - L4[IO] P55 M2X Q5X - L3[] Q1 S11Y - L2[I] Q1 - L1[W] R11 - L0[O] Q1 ,None
6.334302,0.720238,871200,667.731744,5.817279e+02,1.928614,105415200,105415200,726,41.953305,2511814,0,0,726,2395800,43414,72600,L5[WIO] Q5 M2 - L4[IO] M4 P55 C3 Q11X - L3[] Q1 S11Y - L2[I] Q1 - L1[W] R11 - L0[O] M12 ,None
3.075883,0.720238,871200,324.244856,2.824821e+02,1.928614,105415200,105415200,726,519.138570,202988,0,0,726,43560,86828,72600,L5[WIO] Q5 M2 C3 - L4[IO] M4 P55 Q11X - L3[] Q1 S11Y - L2[I] Q1 - L1[W] R11 - L0[O] M12 ,None
4.518497,0.327381,1916640,476.318317,9.129307e+02,1.928614,105415200,105415200,110,481.188783,218997,0,0,110,95832,50565,72600,L5[WIO] Q11 M48 - L4[IO] M2 P55 Q5X - L3[] Q1 S11Y - L2[I] Q1 - L1[W] R11 C3 - L0[O] Q1 ,None
11.658429,0.654762,958320,1228.975634,1.177752e+03,1.928614,105415200,105415200,220,19.536590,5393925,0,0,220,5270760,50565,72600,L5[WIO] Q11 M48 - L4[IO] P55 C3 M2X Q5X - L3[] Q1 S11Y - L2[I] Q1 - L1[W] R11 - L0[O] Q1 ,None
7.843299,0.327381,1916640,826.802985,1.584684e+03,1.928614,105415200,105415200,110,40.600366,2595516,0,0,110,95832,2427084,72600,L5[WIO] Q11 M48 C3 - L4[IO] M2 P55 Q5X - L3[] Q1 S11Y - L2[I] Q1 - L1[W] R11 - L0[O] Q1 ,None
3.031759,0.720238,871200,319.593441,2.784298e+02,1.928614,105415200,105415200,484,660.376377,159574,0,0,484,43560,43414,72600,L5[WIO] Q5 M12 - L4[IO] P55 Q11X - L3[] Q1 S11Y - L2[I] Q1 - L1[W] R11 C3 - L0[O] M8 ,None
10.021830,0.654762,958320,1056.453185,1.012420e+03,1.928614,105415200,105415200,220,19.536590,5393925,0,0,220,5270760,50565,72600,L5[WIO] Q11 M2 - L4[IO] M6 P55 C3 M2X Q5X - L3[] Q1 S11Y - L2[I] Q1 - L1[W] R11 - L0[O] M4 ,None
3.562888,0.327381,1916640,375.582603,7.198566e+02,1.928614,105415200,105415200,110,390.927842,269561,0,0,110,95832,101129,72600,L5[WIO] Q11 M2 C3 - L4[IO] M16 P55 Q5X - L3[] Q1 S11Y - L2[I] Q1 - L1[W] R11 - L0[O] M3 ,None
4.709420,0.327381,1916640,496.444407,9.515052e+02,1.928614,105415200,105415200,110,329.180476,320125,0,0,110,95832,151693,72600,L5[WIO] Q11 M3 C3 - L4[IO] M32 P55 Q5X - L3[] Q1 S11Y - L2[I] Q1 - L1[W] R11 - L0[O] Q1 ,None
10.193827,0.327381,1916640,1074.584313,2.059591e+03,1.928614,105415200,105415200,220,19.536590,5393925,0,0,220,5270760,50565,72600,L5[WIO] Q11 M2 - L4[IO] M8 P55 C3 Q5X - L3[] Q1 S11Y - L2[I] Q1 - L1[W] R11 - L0[O] M6 ,None
4.518497,0.327381,1916640,476.318317,9.129307e+02,1.928614,105415200,105415200,110,481.188783,218997,0,0,110,95832,50565,72600,L5[WIO] Q11 M8 - L4[IO] M12 P55 Q5X - L3[] Q1 S11Y - L2[I] Q1 - L1[W] R11 C3 - L0[O] Q1 ,None
9.612680,0.654762,958320,1013.322580,9.710873e+02,1.928614,105415200,105415200,880,19.536590,5393925,0,0,880,5270760,50565,72600,L5[WIO] Q11 M3 - L4[IO] P55 C3 M2X Q5X - L3[] Q1 S11Y - L2[I] Q1 - L1[W] R11 - L0[O] M16 ,None
3.721914,0.654762,958320,392.346301,3.759933e+02,1.928614,105415200,105415200,220,481.188783,218997,0,0,220,95832,50565,72600,L5[WIO] Q11 M24 - L4[IO] M2 P55 M2X Q5X - L3[] Q1 S11Y - L2[I] Q1 - L1[W] R11 C3 - L0[O] Q1 ,None
3.368415,0.654762,958320,355.082101,3.402823e+02,1.928614,105415200,105415200,220,284.278465,370689,0,0,220,95832,202257,72600,L5[WIO] Q11 M4 C3 - L4[IO] M3 P55 M2X Q5X - L3[] Q1 S11Y - L2[I] Q1 - L1[W] R11 - L0[O] M4 ,None
8.128130,0.720238,871200,856.828406,7.464689e+02,1.928614,105415200,105415200,242,41.953305,2511814,0,0,242,2395800,43414,72600,L5[WIO] Q5 M2 - L4[IO] M24 P55 C3 Q11X - L3[] Q1 S11Y - L2[I] Q1 - L1[W] R11 - L0[O] M2 ,None
3.748939,0.720238,871200,395.195153,3.442940e+02,1.928614,105415200,105415200,242,519.138570,202988,0,0,242,43560,86828,72600,L5[WIO] Q5 M2 C3 - L4[IO] M24 P55 Q11X - L3[] Q1 S11Y - L2[I] Q1 - L1[W] R11 - L0[O] M2 ,None
3.107851,0.654762,958320,327.614735,3.139598e+02,1.928614,105415200,105415200,220,481.188783,218997,0,0,220,95832,50565,72600,L5[WIO] Q11 M3 - L4[IO] M4 P55 M2X Q5X - L3[] Q1 S11Y - L2[I] Q1 - L1[W] R11 C3 - L0[O] M4 ,None
10.021830,0.654762,958320,1056.453185,1.012420e+03,1.928614,105415200,105415200,220,19.536590,5393925,0,0,220,5270760,50565,72600,L5[WIO] Q11 M4 - L4[IO] M3 P55 C3 M2X Q5X - L3[] Q1 S11Y - L2[I] Q1 - L1[W] R11 - L0[O] M4 ,None
2.937918,0.654762,958320,309.701208,2.967929e+02,1.928614,105415200,105415200,880,508.882600,207079,0,0,880,95832,38647,72600,L5[WIO] Q11 - L4[IO] M3 P55 M2X Q5X - L3[] Q1 S11Y - L2[I] Q1 - L1[W] R11 C3 - L0[O] M16 ,None
3.298773,0.654762,958320,347.740825,3.332470e+02,1.928614,105415200,105415200,220,329.180476,320125,0,0,220,95832,151693,72600,L5[WIO] Q11 M3 C3 - L4[IO] M4 P55 M2X Q5X - L3[] Q1 S11Y - L2[I] Q1 - L1[W] R11 - L0[O] M4 ,None
10.911358,0.327381,1916640,1150.222991,2.204563e+03,1.928614,105415200,105415200,110,19.536590,5393925,0,0,110,5270760,50565,72600,L5[WIO] Q11 M2 - L4[IO] M16 P55 C3 Q5X - L3[] Q1 S11Y - L2[I] Q1 - L1[W] R11 - L0[O] M3 ,None
3.428278,0.327381,1916640,361.392571,6.926595e+02,1.928614,105415200,105415200,110,390.927842,269561,0,0,110,95832,101129,72600,L5[WIO] Q11 M2 C3 - L4[IO] M12 P55 Q5X - L3[] Q1 S11Y - L2[I] Q1 - L1[W] R11 - L0[O] M4 ,None
3.441608,0.327381,1916640,362.797788,6.953528e+02,1.928614,105415200,105415200,110,481.188783,218997,0,0,110,95832,50565,72600,L5[WIO] Q11 M2 - L4[IO] M16 P55 Q5X - L3[] Q1 S11Y - L2[I] Q1 - L1[W] R11 C3 - L0[O] M3 ,None
3.231033,0.327381,1916640,340.599974,6.528075e+02,1.928614,105415200,105415200,660,284.278465,370689,0,0,660,95832,202257,72600,L5[WIO] Q11 M4 C3 - L4[IO] P55 Q5X - L3[] Q1 S11Y - L2[I] Q1 - L1[W] R11 - L0[O] M24 ,None
10.567363,0.654762,958320,1113.960668,1.067531e+03,1.928614,105415200,105415200,220,19.536590,5393925,0,0,220,5270760,50565,72600,L5[WIO] Q11 M2 - L4[IO] M12 P55 C3 M2X Q5X - L3[] Q1 S11Y - L2[I] Q1 - L1[W] R11 - L0[O] M2 ,None
13.781482,0.327381,1916640,1452.777704,2.784452e+03,1.928614,105415200,105415200,110,19.536590,5393925,0,0,110,5270760,50565,72600,L5[WIO] Q11 M3 - L4[IO] M32 P55 C3 Q5X - L3[] Q1 S11Y - L2[I] Q1 - L1[W] R11 - L0[O] Q1 ,None
3.312539,0.654762,958320,349.191946,3.346376e+02,1.928614,105415200,105415200,220,481.188783,218997,0,0,220,95832,50565,72600,L5[WIO] Q11 M6 - L4[IO] M4 P55 M2X Q5X - L3[] Q1 S11Y - L2[I] Q1 - L1[W] R11 C3 - L0[O] M2 ,None
3.432949,0.327381,1916640,361.885022,6.936033e+02,1.928614,105415200,105415200,220,284.278465,370689,0,0,220,95832,202257,72600,L5[WIO] Q11 M4 C3 - L4[IO] M4 P55 Q5X - L3[] Q1 S11Y - L2[I] Q1 - L1[W] R11 - L0[O] M6 ,None
6.513685,0.720238,871200,686.641431,5.982020e+02,1.928614,105415200,105415200,484,41.953305,2511814,0,0,484,2395800,43414,72600,L5[WIO] Q5 M3 - L4[IO] M4 P55 C3 Q11X - L3[] Q1 S11Y - L2[I] Q1 - L1[W] R11 - L0[O] M8 ,None
3.202985,0.720238,871200,337.643346,2.941549e+02,1.928614,105415200,105415200,484,427.670636,246402,0,0,484,43560,130242,72600,L5[WIO] Q5 M3 C3 - L4[IO] M4 P55 Q11X - L3[] Q1 S11Y - L2[I] Q1 - L1[W] R11 - L0[O] M8 ,None
3.312539,0.654762,958320,349.191946,3.346376e+02,1.928614,105415200,105415200,220,481.188783,218997,0,0,220,95832,50565,72600,L5[WIO] Q11 M3 - L4[IO] M8 P55 M2X Q5X - L3[] Q1 S11Y - L2[I] Q1 - L1[W] R11 C3 - L0[O] M2 ,None
10.193827,0.327381,1916640,1074.584313,2.059591e+03,1.928614,105415200,105415200,220,19.536590,5393925,0,0,220,5270760,50565,72600,L5[WIO] Q11 M4 - L4[IO] M4 P55 C3 Q5X - L3[] Q1 S11Y - L2[I] Q1 - L1[W] R11 - L0[O] M6 ,None
2.954052,0.327381,1916640,311.401969,5.968455e+02,1.928614,105415200,105415200,660,508.882600,207079,0,0,660,95832,38647,72600,L5[WIO] Q11 - L4[IO] M4 P55 Q5X - L3[] Q1 S11Y - L2[I] Q1 - L1[W] R11 C3 - L0[O] M24 ,None
10.552593,0.327381,1916640,1112.403686,2.132077e+03,1.928614,105415200,105415200,110,19.536590,5393925,0,0,110,5270760,50565,72600,L5[WIO] Q11 M2 - L4[IO] M12 P55 C3 Q5X - L3[] Q1 S11Y - L2[I] Q1 - L1[W] R11 - L0[O] M4 ,None
3.503461,0.654762,958320,369.318037,3.539249e+02,1.928614,105415200,105415200,220,329.180476,320125,0,0,220,95832,151693,72600,L5[WIO] Q11 M3 C3 - L4[IO] M8 P55 M2X Q5X - L3[] Q1 S11Y - L2[I] Q1 - L1[W] R11 - L0[O] M2 ,None
7.035632,0.327381,1916640,741.662589,1.421500e+03,1.928614,105415200,105415200,110,40.600366,2595516,0,0,110,95832,2427084,72600,L5[WIO] Q11 M48 C3 - L4[IO] P55 Q5X - L3[] Q1 S11Y - L2[I] Q1 - L1[W] R11 - L0[O] M2 ,None
3.306997,0.327381,1916640,348.607756,6.681556e+02,1.928614,105415200,105415200,110,481.188783,218997,0,0,110,95832,50565,72600,L5[WIO] Q11 M2 - L4[IO] M12 P55 Q5X - L3[] Q1 S11Y - L2[I] Q1 - L1[W] R11 C3 - L0[O] M4 ,None
3.298338,0.327381,1916640,347.694990,6.664061e+02,1.928614,105415200,105415200,330,284.278465,370689,0,0,330,95832,202257,72600,L5[WIO] Q11 M4 C3 - L4[IO] M2 P55 Q5X - L3[] Q1 S11Y - L2[I] Q1 - L1[W] R11 - L0[O] M12 ,None
13.781482,0.327381,1916640,1452.777704,2.784452e+03,1.928614,105415200,105415200,110,19.536590,5393925,0,0,110,5270760,50565,72600,L5[WIO] Q11 M48 - L4[IO] M2 P55 C3 Q5X - L3[] Q1 S11Y - L2[I] Q1 - L1[W] R11 - L0[O] Q1 ,None
3.721914,0.654762,958320,392.346301,3.759933e+02,1.928614,105415200,105415200,220,481.188783,218997,0,0,220,95832,50565,72600,L5[WIO] Q11 M6 - L4[IO] M8 P55 M2X Q5X - L3[] Q1 S11Y - L2[I] Q1 - L1[W] R11 C3 - L0[O] Q1 ,None
5.375314,0.654762,958320,566.639766,5.430222e+02,1.928614,105415200,105415200,220,76.252448,1381974,0,0,220,95832,1213542,72600,L5[WIO] Q11 M24 C3 - L4[IO] M2 P55 M2X Q5X - L3[] Q1 S11Y - L2[I] Q1 - L1[W] R11 - L0[O] Q1 ,None
10.280723,0.380952,1647113,1083.744441,1.785050e+03,1.928614,105415200,105415200,242,41.953305,2511814,0,0,242,2395800,43414,72600,L5[WIO] Q5 M4 - L4[IO] M24 P55 C3 Q11X - L3[] Q1 S11Y - L2[I] Q1 - L1[W] R11 - L0[O] Q1 ,None
4.676194,0.720238,871200,492.941915,4.294510e+02,1.928614,105415200,105415200,242,363.607474,289815,0,0,242,43560,173655,72600,L5[WIO] Q5 M4 C3 - L4[IO] M24 P55 Q11X - L3[] Q1 S11Y - L2[I] Q1 - L1[W] R11 - L0[O] Q1 ,None
4.518497,0.327381,1916640,476.318317,9.129307e+02,1.928614,105415200,105415200,110,481.188783,218997,0,0,110,95832,50565,72600,L5[WIO] Q11 M32 - L4[IO] M3 P55 Q5X - L3[] Q1 S11Y - L2[I] Q1 - L1[W] R11 C3 - L0[O] Q1 ,None
3.290580,0.327381,1916640,346.877117,6.648386e+02,1.928614,105415200,105415200,110,508.882600,207079,0,0,110,95832,38647,72600,L5[WIO] Q11 - L4[IO] M24 P55 Q5X - L3[] Q1 S11Y - L2[I] Q1 - L1[W] R11 C3 - L0[O] M4 ,None
11.658429,0.654762,958320,1228.975634,1.177752e+03,1.928614,105415200,105415200,220,19.536590,5393925,0,0,220,5270760,50565,72600,L5[WIO] Q11 M24 - L4[IO] M2 P55 C3 M2X Q5X - L3[] Q1 S11Y - L2[I] Q1 - L1[W] R11 - L0[O] Q1 ,None
11.628889,0.327381,1916640,1225.861669,2.349536e+03,1.928614,105415200,105415200,110,19.536590,5393925,0,0,110,5270760,50565,72600,L5[WIO] Q11 M48 - L4[IO] P55 C3 Q5X - L3[] Q1 S11Y - L2[I] Q1 - L1[W] R11 - L0[O] M2 ,None
6.729029,0.327381,1916640,709.341990,1.359553e+03,1.928614,105415200,105415200,110,58.986626,1786488,0,0,110,95832,1618056,72600,L5[WIO] Q11 M32 C3 - L4[IO] M3 P55 Q5X - L3[] Q1 S11Y - L2[I] Q1 - L1[W] R11 - L0[O] Q1 ,None
3.196429,0.654762,958320,336.952233,3.229081e+02,1.928614,105415200,105415200,440,329.180476,320125,0,0,440,95832,151693,72600,L5[WIO] Q11 M3 C3 - L4[IO] M2 P55 M2X Q5X - L3[] Q1 S11Y - L2[I] Q1 - L1[W] R11 - L0[O] M8 ,None
3.710830,0.327381,1916640,391.177920,7.497472e+02,1.928614,105415200,105415200,110,481.188783,218997,0,0,110,95832,50565,72600,L5[WIO] Q11 M48 - L4[IO] P55 Q5X - L3[] Q1 S11Y - L2[I] Q1 - L1[W] R11 C3 - L0[O] M2 ,None
3.300186,0.654762,958320,347.889720,3.333897e+02,1.928614,105415200,105415200,440,284.278465,370689,0,0,440,95832,202257,72600,L5[WIO] Q11 M4 C3 - L4[IO] M2 P55 M2X Q5X - L3[] Q1 S11Y - L2[I] Q1 - L1[W] R11 - L0[O] M6 ,None
9.655679,0.327381,1916640,1017.855321,1.950862e+03,1.928614,105415200,105415200,660,19.536590,5393925,0,0,660,5270760,50565,72600,L5[WIO] Q11 M4 - L4[IO] P55 C3 Q5X - L3[] Q1 S11Y - L2[I] Q1 - L1[W] R11 - L0[O] M24 ,None
10.021830,0.654762,958320,1056.453185,1.012420e+03,1.928614,105415200,105415200,220,19.536590,5393925,0,0,220,5270760,50565,72600,L5[WIO] Q11 M3 - L4[IO] M4 P55 C3 M2X Q5X - L3[] Q1 S11Y - L2[I] Q1 - L1[W] R11 - L0[O] M4 ,None
3.712386,0.654762,958320,391.341864,3.750307e+02,1.928614,105415200,105415200,220,223.346502,471818,0,0,220,95832,303386,72600,L5[WIO] Q11 M6 C3 - L4[IO] M4 P55 M2X Q5X - L3[] Q1 S11Y - L2[I] Q1 - L1[W] R11 - L0[O] M2 ,None
7.051833,0.720238,871200,743.370423,6.476243e+02,1.928614,105415200,105415200,242,41.953305,2511814,0,0,242,2395800,43414,72600,L5[WIO] Q5 M6 - L4[IO] M4 P55 C3 Q11X - L3[] Q1 S11Y - L2[I] Q1 - L1[W] R11 - L0[O] M4 ,None
3.584281,0.720238,871200,377.837721,3.291722e+02,1.928614,105415200,105415200,242,279.784571,376643,0,0,242,43560,260483,72600,L5[WIO] Q5 M6 C3 - L4[IO] M4 P55 Q11X - L3[] Q1 S11Y - L2[I] Q1 - L1[W] R11 - L0[O] M4 ,None
2.987704,0.327381,1916640,314.949450,6.036447e+02,1.928614,105415200,105415200,440,508.882600,207079,0,0,440,95832,38647,72600,L5[WIO] Q11 - L4[IO] M6 P55 Q5X - L3[] Q1 S11Y - L2[I] Q1 - L1[W] R11 C3 - L0[O] M16 ,None
3.312539,0.654762,958320,349.191946,3.346376e+02,1.928614,105415200,105415200,220,481.188783,218997,0,0,220,95832,50565,72600,L5[WIO] Q11 M4 - L4[IO] M6 P55 M2X Q5X - L3[] Q1 S11Y - L2[I] Q1 - L1[W] R11 C3 - L0[O] M2 ,None
10.567363,0.654762,958320,1113.960668,1.067531e+03,1.928614,105415200,105415200,220,19.536590,5393925,0,0,220,5270760,50565,72600,L5[WIO] Q11 M6 - L4[IO] M4 P55 C3 M2X Q5X - L3[] Q1 S11Y - L2[I] Q1 - L1[W] R11 - L0[O] M2 ,None
9.749063,0.654762,958320,1027.699457,9.848649e+02,1.928614,105415200,105415200,440,19.536590,5393925,0,0,440,5270760,50565,72600,L5[WIO] Q11 M3 - L4[IO] M2 P55 C3 M2X Q5X - L3[] Q1 S11Y - L2[I] Q1 - L1[W] R11 - L0[O] M8 ,None
3.497919,0.327381,1916640,368.733846,7.067300e+02,1.928614,105415200,105415200,110,329.180476,320125,0,0,110,95832,151693,72600,L5[WIO] Q11 M3 C3 - L4[IO] M8 P55 Q5X - L3[] Q1 S11Y - L2[I] Q1 - L1[W] R11 - L0[O] M4 ,None
3.005507,0.654762,958320,316.826142,3.036208e+02,1.928614,105415200,105415200,440,481.188783,218997,0,0,440,95832,50565,72600,L5[WIO] Q11 M3 - L4[IO] M2 P55 M2X Q5X - L3[] Q1 S11Y - L2[I] Q1 - L1[W] R11 C3 - L0[O] M8 ,None
3.573102,0.654762,958320,376.659313,3.609602e+02,1.928614,105415200,105415200,220,284.278465,370689,0,0,220,95832,202257,72600,L5[WIO] Q11 M4 C3 - L4[IO] M6 P55 M2X Q5X - L3[] Q1 S11Y - L2[I] Q1 - L1[W] R11 - L0[O] M2 ,None
3.365644,0.327381,1916640,354.790006,6.800047e+02,1.928614,105415200,105415200,220,284.278465,370689,0,0,220,95832,202257,72600,L5[WIO] Q11 M4 C3 - L4[IO] M3 P55 Q5X - L3[] Q1 S11Y - L2[I] Q1 - L1[W] R11 - L0[O] M8 ,None
9.835062,0.327381,1916640,1036.765008,1.987105e+03,1.928614,105415200,105415200,330,19.536590,5393925,0,0,330,5270760,50565,72600,L5[WIO] Q11 M4 - L4[IO] M2 P55 C3 Q5X - L3[] Q1 S11Y - L2[I] Q1 - L1[W] R11 - L0[O] M12 ,None
4.121761,0.654762,958320,434.496219,4.163864e+02,1.928614,105415200,105415200,220,223.346502,471818,0,0,220,95832,303386,72600,L5[WIO] Q11 M6 C3 - L4[IO] M8 P55 M2X Q5X - L3[] Q1 S11Y - L2[I] Q1 - L1[W] R11 - L0[O] Q1 ,None
10.280723,0.380952,1647113,1083.744441,1.785050e+03,1.928614,105415200,105415200,242,41.953305,2511814,0,0,242,2395800,43414,72600,L5[WIO] Q5 M6 - L4[IO] M16 P55 C3 Q11X - L3[] Q1 S11Y - L2[I] Q1 - L1[W] R11 - L0[O] Q1 ,None
4.795782,0.720238,871200,505.548282,4.404337e+02,1.928614,105415200,105415200,242,279.784571,376643,0,0,242,43560,260483,72600,L5[WIO] Q5 M6 C3 - L4[IO] M16 P55 Q11X - L3[] Q1 S11Y - L2[I] Q1 - L1[W] R11 - L0[O] Q1 ,None
3.021357,0.327381,1916640,318.496985,6.104441e+02,1.928614,105415200,105415200,330,508.882600,207079,0,0,330,95832,38647,72600,L5[WIO] Q11 - L4[IO] M8 P55 Q5X - L3[] Q1 S11Y - L2[I] Q1 - L1[W] R11 C3 - L0[O] M12 ,None
4.518497,0.327381,1916640,476.318317,9.129307e+02,1.928614,105415200,105415200,110,481.188783,218997,0,0,110,95832,50565,72600,L5[WIO] Q11 M24 - L4[IO] M4 P55 Q5X - L3[] Q1 S11Y - L2[I] Q1 - L1[W] R11 C3 - L0[O] Q1 ,None
11.658429,0.654762,958320,1228.975634,1.177752e+03,1.928614,105415200,105415200,220,19.536590,5393925,0,0,220,5270760,50565,72600,L5[WIO] Q11 M6 - L4[IO] M8 P55 C3 M2X Q5X - L3[] Q1 S11Y - L2[I] Q1 - L1[W] R11 - L0[O] Q1 ,None
5.652140,0.327381,1916640,595.821461,1.141975e+03,1.928614,105415200,105415200,110,58.986626,1786488,0,0,110,95832,1618056,72600,L5[WIO] Q11 M32 C3 - L4[IO] P55 Q5X - L3[] Q1 S11Y - L2[I] Q1 - L1[W] R11 - L0[O] M3 ,None
3.306997,0.327381,1916640,348.607756,6.681556e+02,1.928614,105415200,105415200,110,481.188783,218997,0,0,110,95832,50565,72600,L5[WIO] Q11 M3 - L4[IO] M8 P55 Q5X - L3[] Q1 S11Y - L2[I] Q1 - L1[W] R11 C3 - L0[O] M4 ,None
6.171897,0.327381,1916640,650.611782,1.246989e+03,1.928614,105415200,105415200,110,76.252448,1381974,0,0,110,95832,1213542,72600,L5[WIO] Q11 M24 C3 - L4[IO] M4 P55 Q5X - L3[] Q1 S11Y - L2[I] Q1 - L1[W] R11 - L0[O] Q1 ,None
10.567363,0.654762,958320,1113.960668,1.067531e+03,1.928614,105415200,105415200,220,19.536590,5393925,0,0,220,5270760,50565,72600,L5[WIO] Q11 M3 - L4[IO] M8 P55 C3 M2X Q5X - L3[] Q1 S11Y - L2[I] Q1 - L1[W] R11 - L0[O] M2 ,None
3.403968,0.327381,1916640,358.830007,6.877479e+02,1.928614,105415200,105415200,440,223.346502,471818,0,0,440,95832,303386,72600,L5[WIO] Q11 M6 C3 - L4[IO] P55 Q5X - L3[] Q1 S11Y - L2[I] Q1 - L1[W] R11 - L0[O] M16 ,None
9.839985,0.654762,958320,1037.284002,9.940500e+02,1.928614,105415200,105415200,440,19.536590,5393925,0,0,440,5270760,50565,72600,L5[WIO] Q11 M4 - L4[IO] M2 P55 C3 M2X Q5X - L3[] Q1 S11Y - L2[I] Q1 - L1[W] R11 - L0[O] M6 ,None
6.513685,0.720238,871200,686.641431,5.982020e+02,1.928614,105415200,105415200,484,41.953305,2511814,0,0,484,2395800,43414,72600,L5[WIO] Q5 M12 - L4[IO] P55 C3 Q11X - L3[] Q1 S11Y - L2[I] Q1 - L1[W] R11 - L0[O] M8 ,None
3.741127,0.720238,871200,394.371704,3.435766e+02,1.928614,105415200,105415200,484,165.397528,637125,0,0,484,43560,520965,72600,L5[WIO] Q5 M12 C3 - L4[IO] P55 Q11X - L3[] Q1 S11Y - L2[I] Q1 - L1[W] R11 - L0[O] M8 ,None
3.023205,0.654762,958320,318.691715,3.054086e+02,1.928614,105415200,105415200,440,508.882600,207079,0,0,440,95832,38647,72600,L5[WIO] Q11 - L4[IO] M8 P55 M2X Q5X - L3[] Q1 S11Y - L2[I] Q1 - L1[W] R11 C3 - L0[O] M6 ,None
10.552593,0.327381,1916640,1112.403686,2.132077e+03,1.928614,105415200,105415200,110,19.536590,5393925,0,0,110,5270760,50565,72600,L5[WIO] Q11 M3 - L4[IO] M8 P55 C3 Q5X - L3[] Q1 S11Y - L2[I] Q1 - L1[W] R11 - L0[O] M4 ,None
3.005507,0.654762,958320,316.826142,3.036208e+02,1.928614,105415200,105415200,440,481.188783,218997,0,0,440,95832,50565,72600,L5[WIO] Q11 M6 - L4[IO] P55 M2X Q5X - L3[] Q1 S11Y - L2[I] Q1 - L1[W] R11 C3 - L0[O] M8 ,None
3.231956,0.654762,958320,340.697339,3.264971e+02,1.928614,105415200,105415200,660,284.278465,370689,0,0,660,95832,202257,72600,L5[WIO] Q11 M4 C3 - L4[IO] P55 M2X Q5X - L3[] Q1 S11Y - L2[I] Q1 - L1[W] R11 - L0[O] M12 ,None
3.441608,0.327381,1916640,362.797788,6.953528e+02,1.928614,105415200,105415200,110,481.188783,218997,0,0,110,95832,50565,72600,L5[WIO] Q11 M32 - L4[IO] P55 Q5X - L3[] Q1 S11Y - L2[I] Q1 - L1[W] R11 C3 - L0[O] M3 ,None
3.405354,0.654762,958320,358.976061,3.440139e+02,1.928614,105415200,105415200,440,223.346502,471818,0,0,440,95832,303386,72600,L5[WIO] Q11 M6 C3 - L4[IO] P55 M2X Q5X - L3[] Q1 S11Y - L2[I] Q1 - L1[W] R11 - L0[O] M8 ,None
13.781482,0.327381,1916640,1452.777704,2.784452e+03,1.928614,105415200,105415200,110,19.536590,5393925,0,0,110,5270760,50565,72600,L5[WIO] Q11 M32 - L4[IO] M3 P55 C3 Q5X - L3[] Q1 S11Y - L2[I] Q1 - L1[W] R11 - L0[O] Q1 ,None
3.846127,0.327381,1916640,405.440226,7.770830e+02,1.928614,105415200,105415200,110,183.924663,572946,0,0,110,95832,404514,72600,L5[WIO] Q11 M8 C3 - L4[IO] M3 P55 Q5X - L3[] Q1 S11Y - L2[I] Q1 - L1[W] R11 - L0[O] M4 ,None
10.014445,0.327381,1916640,1055.674694,2.023348e+03,1.928614,105415200,105415200,220,19.536590,5393925,0,0,220,5270760,50565,72600,L5[WIO] Q11 M4 - L4[IO] M3 P55 C3 Q5X - L3[] Q1 S11Y - L2[I] Q1 - L1[W] R11 - L0[O] M8 ,None
9.549570,0.327381,1916640,1006.669880,1.929424e+03,1.928614,105415200,105415200,1320,19.579852,5382007,0,0,1320,5270760,38647,72600,L5[WIO] Q11 - L4[IO] M2 P55 C3 Q5X - L3[] Q1 S11Y - L2[I] Q1 - L1[W] R11 - L0[O] M48 ,None
2.988455,0.327381,1916640,315.028611,6.037964e+02,1.928614,105415200,105415200,1320,481.188783,218997,0,0,1320,95832,50565,72600,L5[WIO] Q11 C3 - L4[IO] M2 P55 Q5X - L3[] Q1 S11Y - L2[I] Q1 - L1[W] R11 - L0[O] M48 ,None
3.088663,0.327381,1916640,325.592001,6.240427e+02,1.928614,105415200,105415200,220,508.882600,207079,0,0,220,95832,38647,72600,L5[WIO] Q11 - L4[IO] M12 P55 Q5X - L3[] Q1 S11Y - L2[I] Q1 - L1[W] R11 C3 - L0[O] M8 ,None
10.911358,0.327381,1916640,1150.222991,2.204563e+03,1.928614,105415200,105415200,110,19.536590,5393925,0,0,110,5270760,50565,72600,L5[WIO] Q11 M32 - L4[IO] P55 C3 Q5X - L3[] Q1 S11Y - L2[I] Q1 - L1[W] R11 - L0[O] M3 ,None
3.172386,0.327381,1916640,334.417656,6.409583e+02,1.928614,105415200,105415200,220,481.188783,218997,0,0,220,95832,50565,72600,L5[WIO] Q11 M16 - L4[IO] P55 Q5X - L3[] Q1 S11Y - L2[I] Q1 - L1[W] R11 C3 - L0[O] M6 ,None
3.436644,0.654762,958320,362.274482,3.471749e+02,1.928614,105415200,105415200,220,284.278465,370689,0,0,220,95832,202257,72600,L5[WIO] Q11 M4 C3 - L4[IO] M4 P55 M2X Q5X - L3[] Q1 S11Y - L2[I] Q1 - L1[W] R11 - L0[O] M3 ,None
2.971393,0.654762,958320,313.229973,3.001745e+02,1.928614,105415200,105415200,660,481.188783,218997,0,0,660,95832,50565,72600,L5[WIO] Q11 M4 - L4[IO] P55 M2X Q5X - L3[] Q1 S11Y - L2[I] Q1 - L1[W] R11 C3 - L0[O] M12 ,None
4.268648,0.327381,1916640,449.980333,8.624503e+02,1.928614,105415200,105415200,220,107.808913,977460,0,0,220,95832,809028,72600,L5[WIO] Q11 M16 C3 - L4[IO] P55 Q5X - L3[] Q1 S11Y - L2[I] Q1 - L1[W] R11 - L0[O] M6 ,None
3.980738,0.327381,1916640,419.630258,8.042801e+02,1.928614,105415200,105415200,110,183.924663,572946,0,0,110,95832,404514,72600,L5[WIO] Q11 M8 C3 - L4[IO] M4 P55 Q5X - L3[] Q1 S11Y - L2[I] Q1 - L1[W] R11 - L0[O] M3 ,None
10.567363,0.654762,958320,1113.960668,1.067531e+03,1.928614,105415200,105415200,220,19.536590,5393925,0,0,220,5270760,50565,72600,L5[WIO] Q11 M4 - L4[IO] M6 P55 C3 M2X Q5X - L3[] Q1 S11Y - L2[I] Q1 - L1[W] R11 - L0[O] M2 ,None
9.745371,0.327381,1916640,1027.310205,1.968984e+03,1.928614,105415200,105415200,440,19.536590,5393925,0,0,440,5270760,50565,72600,L5[WIO] Q11 M6 - L4[IO] P55 C3 Q5X - L3[] Q1 S11Y - L2[I] Q1 - L1[W] R11 - L0[O] M16 ,None
9.594416,0.327381,1916640,1011.397315,1.938485e+03,1.928614,105415200,105415200,880,19.579852,5382007,0,0,880,5270760,38647,72600,L5[WIO] Q11 - L4[IO] M3 P55 C3 Q5X - L3[] Q1 S11Y - L2[I] Q1 - L1[W] R11 - L0[O] M32 ,None
3.005282,0.327381,1916640,316.802351,6.071961e+02,1.928614,105415200,105415200,880,481.188783,218997,0,0,880,95832,50565,72600,L5[WIO] Q11 C3 - L4[IO] M3 P55 Q5X - L3[] Q1 S11Y - L2[I] Q1 - L1[W] R11 - L0[O] M32 ,None
3.037775,0.327381,1916640,320.227624,6.137611e+02,1.928614,105415200,105415200,330,481.188783,218997,0,0,330,95832,50565,72600,L5[WIO] Q11 M2 - L4[IO] M4 P55 Q5X - L3[] Q1 S11Y - L2[I] Q1 - L1[W] R11 C3 - L0[O] M12 ,None
9.658141,0.654762,958320,1018.114818,9.756798e+02,1.928614,105415200,105415200,660,19.536590,5393925,0,0,660,5270760,50565,72600,L5[WIO] Q11 M4 - L4[IO] P55 C3 M2X Q5X - L3[] Q1 S11Y - L2[I] Q1 - L1[W] R11 - L0[O] M12 ,None
3.710830,0.327381,1916640,391.177920,7.497472e+02,1.928614,105415200,105415200,110,481.188783,218997,0,0,110,95832,50565,72600,L5[WIO] Q11 M16 - L4[IO] M3 P55 Q5X - L3[] Q1 S11Y - L2[I] Q1 - L1[W] R11 C3 - L0[O] M2 ,None
3.567561,0.327381,1916640,376.075122,7.208006e+02,1.928614,105415200,105415200,110,284.278465,370689,0,0,110,95832,202257,72600,L5[WIO] Q11 M4 C3 - L4[IO] M6 P55 Q5X - L3[] Q1 S11Y - L2[I] Q1 - L1[W] R11 - L0[O] M4 ,None
3.176080,0.654762,958320,334.807116,3.208524e+02,1.928614,105415200,105415200,220,481.188783,218997,0,0,220,95832,50565,72600,L5[WIO] Q11 M4 - L4[IO] M4 P55 M2X Q5X - L3[] Q1 S11Y - L2[I] Q1 - L1[W] R11 C3 - L0[O] M3 ,None
5.057627,0.327381,1916640,533.150787,1.021858e+03,1.928614,105415200,105415200,110,183.924663,572946,0,0,110,95832,404514,72600,L5[WIO] Q11 M8 C3 - L4[IO] M12 P55 Q5X - L3[] Q1 S11Y - L2[I] Q1 - L1[W] R11 - L0[O] Q1 ,None
13.781482,0.327381,1916640,1452.777704,2.784452e+03,1.928614,105415200,105415200,110,19.536590,5393925,0,0,110,5270760,50565,72600,L5[WIO] Q11 M24 - L4[IO] M4 P55 C3 Q5X - L3[] Q1 S11Y - L2[I] Q1 - L1[W] R11 - L0[O] Q1 ,None
10.552593,0.327381,1916640,1112.403686,2.132077e+03,1.928614,105415200,105415200,110,19.536590,5393925,0,0,110,5270760,50565,72600,L5[WIO] Q11 M8 - L4[IO] M3 P55 C3 Q5X - L3[] Q1 S11Y - L2[I] Q1 - L1[W] R11 - L0[O] M4 ,None
9.596263,0.654762,958320,1011.591941,9.694288e+02,1.928614,105415200,105415200,880,19.579852,5382007,0,0,880,5270760,38647,72600,L5[WIO] Q11 - L4[IO] M3 P55 C3 M2X Q5X - L3[] Q1 S11Y - L2[I] Q1 - L1[W] R11 - L0[O] M16 ,None
3.005974,0.654762,958320,316.875385,3.036680e+02,1.928614,105415200,105415200,880,481.188783,218997,0,0,880,95832,50565,72600,L5[WIO] Q11 C3 - L4[IO] M3 P55 M2X Q5X - L3[] Q1 S11Y - L2[I] Q1 - L1[W] R11 - L0[O] M16 ,None
3.039622,0.654762,958320,320.422354,3.070672e+02,1.928614,105415200,105415200,440,481.188783,218997,0,0,440,95832,50565,72600,L5[WIO] Q11 M2 - L4[IO] M4 P55 M2X Q5X - L3[] Q1 S11Y - L2[I] Q1 - L1[W] R11 C3 - L0[O] M6 ,None
10.203674,0.654762,958320,1075.622301,1.030790e+03,1.928614,105415200,105415200,220,19.536590,5393925,0,0,220,5270760,50565,72600,L5[WIO] Q11 M4 - L4[IO] M4 P55 C3 M2X Q5X - L3[] Q1 S11Y - L2[I] Q1 - L1[W] R11 - L0[O] M3 ,None
3.721914,0.654762,958320,392.346301,3.759933e+02,1.928614,105415200,105415200,220,481.188783,218997,0,0,220,95832,50565,72600,L5[WIO] Q11 M8 - L4[IO] M6 P55 M2X Q5X - L3[] Q1 S11Y - L2[I] Q1 - L1[W] R11 C3 - L0[O] Q1 ,None
3.702172,0.327381,1916640,390.265155,7.479978e+02,1.928614,105415200,105415200,110,284.278465,370689,0,0,110,95832,202257,72600,L5[WIO] Q11 M4 C3 - L4[IO] M8 P55 Q5X - L3[] Q1 S11Y - L2[I] Q1 - L1[W] R11 - L0[O] M3 ,None
4.807092,0.327381,1916640,506.740598,9.712393e+02,1.928614,105415200,105415200,110,107.808913,977460,0,0,110,95832,809028,72600,L5[WIO] Q11 M16 C3 - L4[IO] M3 P55 Q5X - L3[] Q1 S11Y - L2[I] Q1 - L1[W] R11 - L0[O] M2 ,None
3.306997,0.327381,1916640,348.607756,6.681556e+02,1.928614,105415200,105415200,110,481.188783,218997,0,0,110,95832,50565,72600,L5[WIO] Q11 M4 - L4[IO] M6 P55 Q5X - L3[] Q1 S11Y - L2[I] Q1 - L1[W] R11 C3 - L0[O] M4 ,None
9.749063,0.654762,958320,1027.699457,9.848649e+02,1.928614,105415200,105415200,440,19.536590,5393925,0,0,440,5270760,50565,72600,L5[WIO] Q11 M6 - L4[IO] P55 C3 M2X Q5X - L3[] Q1 S11Y - L2[I] Q1 - L1[W] R11 - L0[O] M8 ,None
10.911358,0.327381,1916640,1150.222991,2.204563e+03,1.928614,105415200,105415200,110,19.536590,5393925,0,0,110,5270760,50565,72600,L5[WIO] Q11 M8 - L4[IO] M4 P55 C3 Q5X - L3[] Q1 S11Y - L2[I] Q1 - L1[W] R11 - L0[O] M3 ,None
10.193827,0.327381,1916640,1074.584313,2.059591e+03,1.928614,105415200,105415200,220,19.536590,5393925,0,0,220,5270760,50565,72600,L5[WIO] Q11 M16 - L4[IO] P55 C3 Q5X - L3[] Q1 S11Y - L2[I] Q1 - L1[W] R11 - L0[O] M6 ,None
3.022108,0.327381,1916640,318.576146,6.105958e+02,1.928614,105415200,105415200,660,481.188783,218997,0,0,660,95832,50565,72600,L5[WIO] Q11 C3 - L4[IO] M4 P55 Q5X - L3[] Q1 S11Y - L2[I] Q1 - L1[W] R11 - L0[O] M24 ,None
3.710830,0.327381,1916640,391.177920,7.497472e+02,1.928614,105415200,105415200,110,481.188783,218997,0,0,110,95832,50565,72600,L5[WIO] Q11 M2 - L4[IO] M24 P55 Q5X - L3[] Q1 S11Y - L2[I] Q1 - L1[W] R11 C3 - L0[O] M2 ,None
10.552593,0.327381,1916640,1112.403686,2.132077e+03,1.928614,105415200,105415200,110,19.536590,5393925,0,0,110,5270760,50565,72600,L5[WIO] Q11 M4 - L4[IO] M6 P55 C3 Q5X - L3[] Q1 S11Y - L2[I] Q1 - L1[W] R11 - L0[O] M4 ,None
3.107851,0.654762,958320,327.614735,3.139598e+02,1.928614,105415200,105415200,220,481.188783,218997,0,0,220,95832,50565,72600,L5[WIO] Q11 M12 - L4[IO] P55 M2X Q5X - L3[] Q1 S11Y - L2[I] Q1 - L1[W] R11 C3 - L0[O] M4 ,None
4.960397,0.327381,1916640,522.901222,1.002213e+03,1.928614,105415200,105415200,110,76.252448,1381974,0,0,110,95832,1213542,72600,L5[WIO] Q11 M24 C3 - L4[IO] P55 Q5X - L3[] Q1 S11Y - L2[I] Q1 - L1[W] R11 - L0[O] M4 ,None
4.261044,0.654762,958320,449.178771,4.304570e+02,1.928614,105415200,105415200,220,183.924663,572946,0,0,220,95832,404514,72600,L5[WIO] Q11 M8 C3 - L4[IO] M6 P55 M2X Q5X - L3[] Q1 S11Y - L2[I] Q1 - L1[W] R11 - L0[O] Q1 ,None
3.441608,0.327381,1916640,362.797788,6.953528e+02,1.928614,105415200,105415200,110,481.188783,218997,0,0,110,95832,50565,72600,L5[WIO] Q11 M4 - L4[IO] M8 P55 Q5X - L3[] Q1 S11Y - L2[I] Q1 - L1[W] R11 C3 - L0[O] M3 ,None
4.110677,0.327381,1916640,433.327839,8.305335e+02,1.928614,105415200,105415200,110,223.346502,471818,0,0,110,95832,303386,72600,L5[WIO] Q11 M6 C3 - L4[IO] M8 P55 Q5X - L3[] Q1 S11Y - L2[I] Q1 - L1[W] R11 - L0[O] M2 ,None
13.781482,0.327381,1916640,1452.777704,2.784452e+03,1.928614,105415200,105415200,110,19.536590,5393925,0,0,110,5270760,50565,72600,L5[WIO] Q11 M8 - L4[IO] M12 P55 C3 Q5X - L3[] Q1 S11Y - L2[I] Q1 - L1[W] R11 - L0[O] Q1 ,None
3.358636,0.327381,1916640,354.051295,6.785889e+02,1.928614,105415200,105415200,110,481.188783,218997,0,0,110,95832,50565,72600,L5[WIO] Q11 C3 - L4[IO] M24 P55 Q5X - L3[] Q1 S11Y - L2[I] Q1 - L1[W] R11 - L0[O] M4 ,None
3.105080,0.327381,1916640,327.322640,6.273597e+02,1.928614,105415200,105415200,220,481.188783,218997,0,0,220,95832,50565,72600,L5[WIO] Q11 M3 - L4[IO] M4 P55 Q5X - L3[] Q1 S11Y - L2[I] Q1 - L1[W] R11 C3 - L0[O] M8 ,None
3.710830,0.327381,1916640,391.177920,7.497472e+02,1.928614,105415200,105415200,110,481.188783,218997,0,0,110,95832,50565,72600,L5[WIO] Q11 M12 - L4[IO] M4 P55 Q5X - L3[] Q1 S11Y - L2[I] Q1 - L1[W] R11 C3 - L0[O] M2 ,None
9.639262,0.327381,1916640,1016.124682,1.947545e+03,1.928614,105415200,105415200,660,19.579852,5382007,0,0,660,5270760,38647,72600,L5[WIO] Q11 - L4[IO] M4 P55 C3 Q5X - L3[] Q1 S11Y - L2[I] Q1 - L1[W] R11 - L0[O] M24 ,None
3.306997,0.327381,1916640,348.607756,6.681556e+02,1.928614,105415200,105415200,110,481.188783,218997,0,0,110,95832,50565,72600,L5[WIO] Q11 M24 - L4[IO] P55 Q5X - L3[] Q1 S11Y - L2[I] Q1 - L1[W] R11 C3 - L0[O] M4 ,None
11.628889,0.327381,1916640,1225.861669,2.349536e+03,1.928614,105415200,105415200,110,19.536590,5393925,0,0,110,5270760,50565,72600,L5[WIO] Q11 M16 - L4[IO] M3 P55 C3 Q5X - L3[] Q1 S11Y - L2[I] Q1 - L1[W] R11 - L0[O] M2 ,None
3.925547,0.654762,958320,413.812309,3.965646e+02,1.928614,105415200,105415200,220,135.937167,775203,0,0,220,95832,606771,72600,L5[WIO] Q11 M12 C3 - L4[IO] P55 M2X Q5X - L3[] Q1 S11Y - L2[I] Q1 - L1[W] R11 - L0[O] M4 ,None
4.537870,0.327381,1916640,478.360466,9.168448e+02,1.928614,105415200,105415200,110,107.808913,977460,0,0,110,95832,809028,72600,L5[WIO] Q11 M16 C3 - L4[IO] M2 P55 Q5X - L3[] Q1 S11Y - L2[I] Q1 - L1[W] R11 - L0[O] M3 ,None
10.911358,0.327381,1916640,1150.222991,2.204563e+03,1.928614,105415200,105415200,110,19.536590,5393925,0,0,110,5270760,50565,72600,L5[WIO] Q11 M4 - L4[IO] M8 P55 C3 Q5X - L3[] Q1 S11Y - L2[I] Q1 - L1[W] R11 - L0[O] M3 ,None
3.055761,0.327381,1916640,322.123627,6.173950e+02,1.928614,105415200,105415200,440,481.188783,218997,0,0,440,95832,50565,72600,L5[WIO] Q11 C3 - L4[IO] M6 P55 Q5X - L3[] Q1 S11Y - L2[I] Q1 - L1[W] R11 - L0[O] M16 ,None
10.536175,0.327381,1916640,1110.673047,2.128760e+03,1.928614,105415200,105415200,110,19.579852,5382007,0,0,110,5270760,38647,72600,L5[WIO] Q11 - L4[IO] M24 P55 C3 Q5X - L3[] Q1 S11Y - L2[I] Q1 - L1[W] R11 - L0[O] M4 ,None
3.721914,0.654762,958320,392.346301,3.759933e+02,1.928614,105415200,105415200,220,481.188783,218997,0,0,220,95832,50565,72600,L5[WIO] Q11 M3 - L4[IO] M16 P55 M2X Q5X - L3[] Q1 S11Y - L2[I] Q1 - L1[W] R11 C3 - L0[O] Q1 ,None
3.710830,0.327381,1916640,391.177920,7.497472e+02,1.928614,105415200,105415200,110,481.188783,218997,0,0,110,95832,50565,72600,L5[WIO] Q11 M24 - L4[IO] M2 P55 Q5X - L3[] Q1 S11Y - L2[I] Q1 - L1[W] R11 C3 - L0[O] M2 ,None
11.658429,0.654762,958320,1228.975634,1.177752e+03,1.928614,105415200,105415200,220,19.536590,5393925,0,0,220,5270760,50565,72600,L5[WIO] Q11 M8 - L4[IO] M6 P55 C3 M2X Q5X - L3[] Q1 S11Y - L2[I] Q1 - L1[W] R11 - L0[O] Q1 ,None
4.528526,0.327381,1916640,477.375494,9.149570e+02,1.928614,105415200,105415200,110,135.937167,775203,0,0,110,95832,606771,72600,L5[WIO] Q11 M12 C3 - L4[IO] M4 P55 Q5X - L3[] Q1 S11Y - L2[I] Q1 - L1[W] R11 - L0[O] M2 ,None
10.552593,0.327381,1916640,1112.403686,2.132077e+03,1.928614,105415200,105415200,110,19.536590,5393925,0,0,110,5270760,50565,72600,L5[WIO] Q11 M24 - L4[IO] P55 C3 Q5X - L3[] Q1 S11Y - L2[I] Q1 - L1[W] R11 - L0[O] M4 ,None
3.089414,0.327381,1916640,325.671162,6.241944e+02,1.928614,105415200,105415200,330,481.188783,218997,0,0,330,95832,50565,72600,L5[WIO] Q11 C3 - L4[IO] M8 P55 Q5X - L3[] Q1 S11Y - L2[I] Q1 - L1[W] R11 - L0[O] M12 ,None
9.728953,0.327381,1916640,1025.579566,1.965667e+03,1.928614,105415200,105415200,440,19.579852,5382007,0,0,440,5270760,38647,72600,L5[WIO] Q11 - L4[IO] M6 P55 C3 Q5X - L3[] Q1 S11Y - L2[I] Q1 - L1[W] R11 - L0[O] M16 ,None
3.441608,0.327381,1916640,362.797788,6.953528e+02,1.928614,105415200,105415200,110,481.188783,218997,0,0,110,95832,50565,72600,L5[WIO] Q11 M16 - L4[IO] M2 P55 Q5X - L3[] Q1 S11Y - L2[I] Q1 - L1[W] R11 C3 - L0[O] M3 ,None
3.107851,0.654762,958320,327.614735,3.139598e+02,1.928614,105415200,105415200,220,481.188783,218997,0,0,220,95832,50565,72600,L5[WIO] Q11 M6 - L4[IO] M2 P55 M2X Q5X - L3[] Q1 S11Y - L2[I] Q1 - L1[W] R11 C3 - L0[O] M4 ,None
5.614759,0.327381,1916640,591.880994,1.134423e+03,1.928614,105415200,105415200,110,107.808913,977460,0,0,110,95832,809028,72600,L5[WIO] Q11 M16 C3 - L4[IO] M6 P55 Q5X - L3[] Q1 S11Y - L2[I] Q1 - L1[W] R11 - L0[O] Q1 ,None
10.021830,0.654762,958320,1056.453185,1.012420e+03,1.928614,105415200,105415200,220,19.536590,5393925,0,0,220,5270760,50565,72600,L5[WIO] Q11 M12 - L4[IO] P55 C3 M2X Q5X - L3[] Q1 S11Y - L2[I] Q1 - L1[W] R11 - L0[O] M4 ,None
3.091261,0.654762,958320,325.865893,3.122838e+02,1.928614,105415200,105415200,440,481.188783,218997,0,0,440,95832,50565,72600,L5[WIO] Q11 C3 - L4[IO] M8 P55 M2X Q5X - L3[] Q1 S11Y - L2[I] Q1 - L1[W] R11 - L0[O] M6 ,None
11.628889,0.327381,1916640,1225.861669,2.349536e+03,1.928614,105415200,105415200,110,19.536590,5393925,0,0,110,5270760,50565,72600,L5[WIO] Q11 M24 - L4[IO] M2 P55 C3 Q5X - L3[] Q1 S11Y - L2[I] Q1 - L1[W] R11 - L0[O] M2 ,None
9.818644,0.327381,1916640,1035.034369,1.983788e+03,1.928614,105415200,105415200,330,19.579852,5382007,0,0,330,5270760,38647,72600,L5[WIO] Q11 - L4[IO] M8 P55 C3 Q5X - L3[] Q1 S11Y - L2[I] Q1 - L1[W] R11 - L0[O] M12 ,None
4.518497,0.327381,1916640,476.318317,9.129307e+02,1.928614,105415200,105415200,110,481.188783,218997,0,0,110,95832,50565,72600,L5[WIO] Q11 M16 - L4[IO] M6 P55 Q5X - L3[] Q1 S11Y - L2[I] Q1 - L1[W] R11 C3 - L0[O] Q1 ,None
3.721914,0.654762,958320,392.346301,3.759933e+02,1.928614,105415200,105415200,220,481.188783,218997,0,0,220,95832,50565,72600,L5[WIO] Q11 M16 - L4[IO] M3 P55 M2X Q5X - L3[] Q1 S11Y - L2[I] Q1 - L1[W] R11 C3 - L0[O] Q1 ,None
11.628889,0.327381,1916640,1225.861669,2.349536e+03,1.928614,105415200,105415200,110,19.536590,5393925,0,0,110,5270760,50565,72600,L5[WIO] Q11 M12 - L4[IO] M4 P55 C3 Q5X - L3[] Q1 S11Y - L2[I] Q1 - L1[W] R11 - L0[O] M2 ,None
3.156719,0.327381,1916640,332.766179,6.377930e+02,1.928614,105415200,105415200,220,481.188783,218997,0,0,220,95832,50565,72600,L5[WIO] Q11 C3 - L4[IO] M12 P55 Q5X - L3[] Q1 S11Y - L2[I] Q1 - L1[W] R11 - L0[O] M8 ,None
10.911358,0.327381,1916640,1150.222991,2.204563e+03,1.928614,105415200,105415200,110,19.536590,5393925,0,0,110,5270760,50565,72600,L5[WIO] Q11 M16 - L4[IO] M2 P55 C3 Q5X - L3[] Q1 S11Y - L2[I] Q1 - L1[W] R11 - L0[O] M3 ,None
9.823568,0.654762,958320,1035.553363,9.923915e+02,1.928614,105415200,105415200,440,19.579852,5382007,0,0,440,5270760,38647,72600,L5[WIO] Q11 - L4[IO] M8 P55 C3 M2X Q5X - L3[] Q1 S11Y - L2[I] Q1 - L1[W] R11 - L0[O] M6 ,None
3.312539,0.654762,958320,349.191946,3.346376e+02,1.928614,105415200,105415200,220,481.188783,218997,0,0,220,95832,50565,72600,L5[WIO] Q11 M12 - L4[IO] M2 P55 M2X Q5X - L3[] Q1 S11Y - L2[I] Q1 - L1[W] R11 C3 - L0[O] M2 ,None
4.130235,0.654762,958320,435.389520,4.172425e+02,1.928614,105415200,105415200,220,135.937167,775203,0,0,220,95832,606771,72600,L5[WIO] Q11 M12 C3 - L4[IO] M2 P55 M2X Q5X - L3[] Q1 S11Y - L2[I] Q1 - L1[W] R11 - L0[O] M2 ,None
3.176080,0.654762,958320,334.807116,3.208524e+02,1.928614,105415200,105415200,220,481.188783,218997,0,0,220,95832,50565,72600,L5[WIO] Q11 M8 - L4[IO] M2 P55 M2X Q5X - L3[] Q1 S11Y - L2[I] Q1 - L1[W] R11 C3 - L0[O] M3 ,None
3.159055,0.327381,1916640,333.012438,6.382650e+02,1.928614,105415200,105415200,330,390.927842,269561,0,0,330,95832,101129,72600,L5[WIO] Q11 M2 C3 - L4[IO] M4 P55 Q5X - L3[] Q1 S11Y - L2[I] Q1 - L1[W] R11 - L0[O] M12 ,None
13.781482,0.327381,1916640,1452.777704,2.784452e+03,1.928614,105415200,105415200,110,19.536590,5393925,0,0,110,5270760,50565,72600,L5[WIO] Q11 M16 - L4[IO] M6 P55 C3 Q5X - L3[] Q1 S11Y - L2[I] Q1 - L1[W] R11 - L0[O] Q1 ,None
4.518497,0.327381,1916640,476.318317,9.129307e+02,1.928614,105415200,105415200,110,481.188783,218997,0,0,110,95832,50565,72600,L5[WIO] Q11 M12 - L4[IO] M8 P55 Q5X - L3[] Q1 S11Y - L2[I] Q1 - L1[W] R11 C3 - L0[O] Q1 ,None
5.336193,0.327381,1916640,562.515891,1.078140e+03,1.928614,105415200,105415200,110,135.937167,775203,0,0,110,95832,606771,72600,L5[WIO] Q11 M12 C3 - L4[IO] M8 P55 Q5X - L3[] Q1 S11Y - L2[I] Q1 - L1[W] R11 - L0[O] Q1 ,None
9.998027,0.327381,1916640,1053.944056,2.020031e+03,1.928614,105415200,105415200,220,19.579852,5382007,0,0,220,5270760,38647,72600,L5[WIO] Q11 - L4[IO] M12 P55 C3 Q5X - L3[] Q1 S11Y - L2[I] Q1 - L1[W] R11 - L0[O] M8 ,None
3.160902,0.654762,958320,333.207168,3.193191e+02,1.928614,105415200,105415200,440,390.927842,269561,0,0,440,95832,101129,72600,L5[WIO] Q11 M2 C3 - L4[IO] M4 P55 M2X Q5X - L3[] Q1 S11Y - L2[I] Q1 - L1[W] R11 - L0[O] M6 ,None
3.105080,0.327381,1916640,327.322640,6.273597e+02,1.928614,105415200,105415200,220,481.188783,218997,0,0,220,95832,50565,72600,L5[WIO] Q11 M12 - L4[IO] P55 Q5X - L3[] Q1 S11Y - L2[I] Q1 - L1[W] R11 C3 - L0[O] M8 ,None
10.567363,0.654762,958320,1113.960668,1.067531e+03,1.928614,105415200,105415200,220,19.536590,5393925,0,0,220,5270760,50565,72600,L5[WIO] Q11 M12 - L4[IO] M2 P55 C3 M2X Q5X - L3[] Q1 S11Y - L2[I] Q1 - L1[W] R11 - L0[O] M2 ,None
9.835062,0.327381,1916640,1036.765008,1.987105e+03,1.928614,105415200,105415200,330,19.536590,5393925,0,0,330,5270760,50565,72600,L5[WIO] Q11 M2 - L4[IO] M4 P55 C3 Q5X - L3[] Q1 S11Y - L2[I] Q1 - L1[W] R11 - L0[O] M12 ,None
3.721914,0.654762,958320,392.346301,3.759933e+02,1.928614,105415200,105415200,220,481.188783,218997,0,0,220,95832,50565,72600,L5[WIO] Q11 M12 - L4[IO] M4 P55 M2X Q5X - L3[] Q1 S11Y - L2[I] Q1 - L1[W] R11 C3 - L0[O] Q1 ,None
13.781482,0.327381,1916640,1452.777704,2.784452e+03,1.928614,105415200,105415200,110,19.536590,5393925,0,0,110,5270760,50565,72600,L5[WIO] Q11 M12 - L4[IO] M8 P55 C3 Q5X - L3[] Q1 S11Y - L2[I] Q1 - L1[W] R11 - L0[O] Q1 ,None
3.832111,0.327381,1916640,403.962735,7.742511e+02,1.928614,105415200,105415200,110,390.927842,269561,0,0,110,95832,101129,72600,L5[WIO] Q11 M2 C3 - L4[IO] M24 P55 Q5X - L3[] Q1 S11Y - L2[I] Q1 - L1[W] R11 - L0[O] M2 ,None
9.839985,0.654762,958320,1037.284002,9.940500e+02,1.928614,105415200,105415200,440,19.536590,5393925,0,0,440,5270760,50565,72600,L5[WIO] Q11 M2 - L4[IO] M4 P55 C3 M2X Q5X - L3[] Q1 S11Y - L2[I] Q1 - L1[W] R11 - L0[O] M6 ,None
3.296002,0.327381,1916640,347.448730,6.659341e+02,1.928614,105415200,105415200,220,329.180476,320125,0,0,220,95832,151693,72600,L5[WIO] Q11 M3 C3 - L4[IO] M4 P55 Q5X - L3[] Q1 S11Y - L2[I] Q1 - L1[W] R11 - L0[O] M8 ,None
11.628889,0.327381,1916640,1225.861669,2.349536e+03,1.928614,105415200,105415200,110,19.536590,5393925,0,0,110,5270760,50565,72600,L5[WIO] Q11 M2 - L4[IO] M24 P55 C3 Q5X - L3[] Q1 S11Y - L2[I] Q1 - L1[W] R11 - L0[O] M2 ,None
10.014445,0.327381,1916640,1055.674694,2.023348e+03,1.928614,105415200,105415200,220,19.536590,5393925,0,0,220,5270760,50565,72600,L5[WIO] Q11 M3 - L4[IO] M4 P55 C3 Q5X - L3[] Q1 S11Y - L2[I] Q1 - L1[W] R11 - L0[O] M8 ,None
3.912836,0.654762,958320,412.472391,3.952805e+02,1.928614,105415200,105415200,220,329.180476,320125,0,0,220,95832,151693,72600,L5[WIO] Q11 M3 C3 - L4[IO] M16 P55 M2X Q5X - L3[] Q1 S11Y - L2[I] Q1 - L1[W] R11 - L0[O] Q1 ,None
3.507698,0.654762,958320,369.764653,3.543529e+02,1.928614,105415200,105415200,220,223.346502,471818,0,0,220,95832,303386,72600,L5[WIO] Q11 M6 C3 - L4[IO] M2 P55 M2X Q5X - L3[] Q1 S11Y - L2[I] Q1 - L1[W] R11 - L0[O] M4 ,None
11.658429,0.654762,958320,1228.975634,1.177752e+03,1.928614,105415200,105415200,220,19.536590,5393925,0,0,220,5270760,50565,72600,L5[WIO] Q11 M3 - L4[IO] M16 P55 C3 M2X Q5X - L3[] Q1 S11Y - L2[I] Q1 - L1[W] R11 - L0[O] Q1 ,None
4.818176,0.654762,958320,507.908978,4.867393e+02,1.928614,105415200,105415200,220,107.808913,977460,0,0,220,95832,809028,72600,L5[WIO] Q11 M16 C3 - L4[IO] M3 P55 M2X Q5X - L3[] Q1 S11Y - L2[I] Q1 - L1[W] R11 - L0[O] Q1 ,None
10.021830,0.654762,958320,1056.453185,1.012420e+03,1.928614,105415200,105415200,220,19.536590,5393925,0,0,220,5270760,50565,72600,L5[WIO] Q11 M6 - L4[IO] M2 P55 C3 M2X Q5X - L3[] Q1 S11Y - L2[I] Q1 - L1[W] R11 - L0[O] M4 ,None
3.715210,0.654762,958320,391.639586,3.753160e+02,1.928614,105415200,105415200,220,183.924663,572946,0,0,220,95832,404514,72600,L5[WIO] Q11 M8 C3 - L4[IO] M2 P55 M2X Q5X - L3[] Q1 S11Y - L2[I] Q1 - L1[W] R11 - L0[O] M3 ,None
11.658429,0.654762,958320,1228.975634,1.177752e+03,1.928614,105415200,105415200,220,19.536590,5393925,0,0,220,5270760,50565,72600,L5[WIO] Q11 M16 - L4[IO] M3 P55 C3 M2X Q5X - L3[] Q1 S11Y - L2[I] Q1 - L1[W] R11 - L0[O] Q1 ,None
3.922776,0.327381,1916640,413.520214,7.925694e+02,1.928614,105415200,105415200,220,135.937167,775203,0,0,220,95832,606771,72600,L5[WIO] Q11 M12 C3 - L4[IO] P55 Q5X - L3[] Q1 S11Y - L2[I] Q1 - L1[W] R11 - L0[O] M8 ,None
10.203674,0.654762,958320,1075.622301,1.030790e+03,1.928614,105415200,105415200,220,19.536590,5393925,0,0,220,5270760,50565,72600,L5[WIO] Q11 M8 - L4[IO] M2 P55 C3 M2X Q5X - L3[] Q1 S11Y - L2[I] Q1 - L1[W] R11 - L0[O] M3 ,None
4.539610,0.654762,958320,478.543874,4.585982e+02,1.928614,105415200,105415200,220,135.937167,775203,0,0,220,95832,606771,72600,L5[WIO] Q11 M12 C3 - L4[IO] M4 P55 M2X Q5X - L3[] Q1 S11Y - L2[I] Q1 - L1[W] R11 - L0[O] Q1 ,None
10.014445,0.327381,1916640,1055.674694,2.023348e+03,1.928614,105415200,105415200,220,19.536590,5393925,0,0,220,5270760,50565,72600,L5[WIO] Q11 M12 - L4[IO] P55 C3 Q5X - L3[] Q1 S11Y - L2[I] Q1 - L1[W] R11 - L0[O] M8 ,None
11.658429,0.654762,958320,1228.975634,1.177752e+03,1.928614,105415200,105415200,220,19.536590,5393925,0,0,220,5270760,50565,72600,L5[WIO] Q11 M12 - L4[IO] M4 P55 C3 M2X Q5X - L3[] Q1 S11Y - L2[I] Q1 - L1[W] R11 - L0[O] Q1 ,None
